0 0.505859375 0.763671875 0.3017578125 0.1904296875
0 0.1748046875 0.671875 0.19921875 0.1171875
0 0.7724609375 0.6298828125 0.220703125 0.1123046875
0 0.185546875 0.5546875 0.1484375 0.0703125
0 0.81640625 0.529296875 0.1396484375 0.0634765625
0 0.58984375 0.5234375 0.1171875 0.056640625
0 0.4228515625 0.5439453125 0.1494140625 0.1025390625
0 0.154296875 0.5146484375 0.12890625 0.0634765625
0 0.2978515625 0.482421875 0.0859375 0.0419921875
0 0.322265625 0.4541015625 0.0751953125 0.0361328125
0 0.5341796875 0.4775390625 0.087890625 0.0439453125
0 0.9462890625 0.603515625 0.103515625 0.0869140625
0 0.7001953125 0.4921875 0.103515625 0.0576171875
0 0.228515625 0.470703125 0.080078125 0.0380859375
0 0.384765625 0.470703125 0.07421875 0.037109375
0 0.4140625 0.484375 0.0908203125 0.0361328125
0 0.634765625 0.4755859375 0.0703125 0.0390625
0 0.556640625 0.439453125 0.05859375 0.025390625
0 0.90625 0.4658203125 0.0859375 0.033203125
0 0.5009765625 0.4169921875 0.04296875 0.0185546875
0 0.9609375 0.4541015625 0.068359375 0.0341796875
0 0.458984375 0.4228515625 0.044921875 0.0185546875
0 0.2451171875 0.427734375 0.0478515625 0.0234375
0 0.8701171875 0.443359375 0.0693359375 0.0224609375