0 0.55078125 0.7490234375 0.2265625 0.142578125
0 0.3974609375 0.6494140625 0.169921875 0.0927734375
0 0.0966796875 0.6376953125 0.1708984375 0.087890625
0 0.6416015625 0.5654296875 0.1083984375 0.05078125
0 0.326171875 0.5927734375 0.123046875 0.0634765625
0 0.2138671875 0.5732421875 0.1162109375 0.0537109375
0 0.48828125 0.5341796875 0.0908203125 0.0458984375
0 0.66796875 0.513671875 0.0830078125 0.03515625
0 0.380859375 0.55078125 0.0947265625 0.0458984375
0 0.2783203125 0.529296875 0.0869140625 0.0458984375
0 0.3798828125 0.50390625 0.0625 0.03125
0 0.4287109375 0.95703125 0.4208984375 0.08203125
0 0.453125 0.5126953125 0.06640625 0.03125
0 0.240234375 0.5185546875 0.0625 0.037109375
0 0.5654296875 0.4736328125 0.0419921875 0.01953125
0 0.5068359375 0.474609375 0.0439453125 0.0205078125
0 0.2890625 0.501953125 0.0556640625 0.0263671875
0 0.34765625 0.484375 0.0517578125 0.0263671875
0 0.931640625 0.4697265625 0.0498046875 0.021484375
0 0.98046875 0.650390625 0.0390625 0.06640625
0 0.9765625 0.4814453125 0.04296875 0.0283203125
0 0.8232421875 0.48828125 0.0595703125 0.025390625
0 0.4404296875 0.474609375 0.04296875 0.0205078125
0 0.7880859375 0.4716796875 0.0498046875 0.01953125
0 0.3837890625 0.4619140625 0.0322265625 0.0146484375