0 0.447265625 0.724609375 0.2734375 0.1845703125
0 0.0927734375 0.7041015625 0.185546875 0.12890625
0 0.7236328125 0.607421875 0.1845703125 0.09765625
0 0.3037109375 0.533203125 0.1083984375 0.056640625
0 0.9345703125 0.5986328125 0.1220703125 0.0830078125
0 0.466796875 0.587890625 0.1484375 0.076171875
0 0.70703125 0.5 0.1044921875 0.0439453125
0 0.4375 0.546875 0.115234375 0.05859375
0 0.2119140625 0.5185546875 0.0986328125 0.05078125
0 0.14453125 0.55078125 0.126953125 0.0625
0 0.083984375 0.595703125 0.16796875 0.08203125
0 0.37109375 0.5078125 0.0869140625 0.0380859375
0 0.287109375 0.48828125 0.09375 0.0439453125
0 0.4375 0.478515625 0.0830078125 0.0390625
0 0.5302734375 0.466796875 0.0625 0.02734375
0 0.578125 0.4521484375 0.0576171875 0.025390625
0 0.24609375 0.4580078125 0.060546875 0.0283203125
0 0.193359375 0.4697265625 0.068359375 0.0341796875
0 0.0986328125 0.9560546875 0.1962890625 0.0859375
0 0.3408203125 0.470703125 0.06640625 0.0341796875
0 0.8671875 0.4609375 0.078125 0.02734375
0 0.90234375 0.4462890625 0.091796875 0.0244140625
0 0.7939453125 0.4365234375 0.0517578125 0.0205078125
0 0.30859375 0.4541015625 0.0634765625 0.029296875