0 0.4267578125 0.888671875 0.4677734375 0.2138671875
0 0.525390625 0.681640625 0.1904296875 0.107421875
0 0.8916015625 0.5849609375 0.1669921875 0.0673828125
0 0.4345703125 0.603515625 0.130859375 0.07421875
0 0.322265625 0.57421875 0.1162109375 0.0625
0 0.126953125 0.6025390625 0.15234375 0.0771484375
0 0.2236328125 0.5537109375 0.1083984375 0.0498046875
0 0.28125 0.5166015625 0.0859375 0.04296875
0 0.6044921875 0.5224609375 0.0859375 0.0400390625
0 0.3837890625 0.5380859375 0.0927734375 0.044921875
0 0.4775390625 0.513671875 0.0859375 0.0439453125
0 0.634765625 0.490234375 0.0693359375 0.0302734375
0 0.369140625 0.4931640625 0.0693359375 0.033203125
0 0.2275390625 0.505859375 0.06640625 0.037109375
0 0.44921875 0.498046875 0.0625 0.0322265625
0 0.2724609375 0.4873046875 0.05859375 0.0244140625
0 0.8896484375 0.4736328125 0.0634765625 0.0244140625
0 0.0380859375 0.6806640625 0.076171875 0.1044921875
0 0.552734375 0.4580078125 0.0390625 0.0185546875
0 0.5009765625 0.4599609375 0.04296875 0.0205078125
0 0.3408203125 0.4765625 0.0625 0.0322265625
0 0.4375 0.4697265625 0.046875 0.025390625
0 0.3857421875 0.4482421875 0.0341796875 0.015625