0 0.4482421875 0.828125 0.35546875 0.2587890625
0 0.4990234375 0.62890625 0.1669921875 0.0869140625
0 0.4423828125 0.5732421875 0.12109375 0.0654296875
0 0.783203125 0.5361328125 0.1240234375 0.0537109375
0 0.31640625 0.5546875 0.1123046875 0.05859375
0 0.875 0.734375 0.234375 0.16015625
0 0.146484375 0.5751953125 0.1357421875 0.0673828125
0 0.2255859375 0.53515625 0.1015625 0.0478515625
0 0.4658203125 0.49609375 0.0810546875 0.0400390625
0 0.2861328125 0.5048828125 0.0888671875 0.0439453125
0 0.07421875 0.6416015625 0.146484375 0.10546875
0 0.380859375 0.5244140625 0.0888671875 0.0419921875
0 0.56640625 0.4921875 0.0703125 0.0322265625
0 0.607421875 0.4716796875 0.0615234375 0.0283203125
0 0.359375 0.484375 0.0693359375 0.0341796875
0 0.0576171875 0.8134765625 0.115234375 0.185546875
0 0.2177734375 0.490234375 0.072265625 0.03515625
0 0.439453125 0.4833984375 0.0625 0.03125
0 0.2578125 0.4755859375 0.0615234375 0.0302734375
0 0.5361328125 0.4423828125 0.037109375 0.0166015625
0 0.3349609375 0.4658203125 0.0693359375 0.0302734375