0 0.1669921875 0.7509765625 0.2421875 0.1484375
0 0.5068359375 0.6484375 0.1669921875 0.099609375
0 0.283203125 0.609375 0.1328125 0.0703125
0 0.447265625 0.5751953125 0.1064453125 0.052734375
0 0.1513671875 0.5771484375 0.1298828125 0.06640625
0 0.3779296875 0.5263671875 0.0791015625 0.0390625
0 0.63671875 0.5341796875 0.0810546875 0.0400390625
0 0.2666015625 0.525390625 0.072265625 0.03515625
0 0.5126953125 0.509765625 0.0625 0.03125
0 0.48828125 0.4853515625 0.046875 0.0205078125
0 0.185546875 0.5458984375 0.0810546875 0.0419921875
0 0.416015625 0.5 0.0546875 0.02734375
0 0.365234375 0.4951171875 0.0498046875 0.025390625
0 0.037109375 0.693359375 0.07421875 0.1015625
0 0.3046875 0.4990234375 0.0615234375 0.029296875
0 0.9765625 0.68359375 0.0458984375 0.078125
0 0.3310546875 0.4638671875 0.03125 0.0146484375
0 0.333984375 0.4794921875 0.0400390625 0.0185546875
0 0.4111328125 0.4853515625 0.044921875 0.021484375
0 0.947265625 0.53125 0.10546875 0.037109375
0 0.83203125 0.482421875 0.0517578125 0.0234375
0 0.4375 0.466796875 0.0322265625 0.013671875