0 0.8544921875 0.6982421875 0.2587890625 0.1279296875
0 0.103515625 0.6416015625 0.20703125 0.1083984375
0 0.4404296875 0.6533203125 0.232421875 0.1484375
0 0.638671875 0.544921875 0.142578125 0.07421875
0 0.2841796875 0.5166015625 0.1083984375 0.0546875
0 0.84375 0.5458984375 0.134765625 0.0654296875
0 0.4404296875 0.5556640625 0.1416015625 0.0595703125
0 0.0869140625 0.564453125 0.1728515625 0.0830078125
0 0.1103515625 0.890625 0.220703125 0.2109375
0 0.4267578125 0.525390625 0.1103515625 0.056640625
0 0.197265625 0.5 0.0986328125 0.048828125
0 0.365234375 0.4912109375 0.0947265625 0.0419921875
0 0.126953125 0.53125 0.123046875 0.0595703125
0 0.4091796875 0.4580078125 0.080078125 0.0400390625
0 0.1787109375 0.4501953125 0.0703125 0.0322265625
0 0.65625 0.47265625 0.0947265625 0.0400390625
0 0.505859375 0.443359375 0.05859375 0.0263671875
0 0.5537109375 0.4326171875 0.0546875 0.025390625
0 0.2880859375 0.474609375 0.0986328125 0.044921875
0 0.236328125 0.4375 0.05859375 0.0263671875
0 0.9423828125 0.5908203125 0.115234375 0.109375
0 0.9765625 0.4580078125 0.046875 0.029296875
0 0.3173828125 0.45703125 0.0703125 0.0380859375
0 0.28515625 0.439453125 0.064453125 0.0283203125
0 0.9755859375 0.427734375 0.04296875 0.021484375