0 0.5478515625 0.916015625 0.5087890625 0.158203125
0 0.669921875 0.5830078125 0.1630859375 0.0810546875
0 0.1337890625 0.58984375 0.1767578125 0.087890625
0 0.4169921875 0.5888671875 0.181640625 0.1162109375
0 0.1201171875 0.765625 0.236328125 0.173828125
0 0.5625 0.5009765625 0.109375 0.0556640625
0 0.2783203125 0.49609375 0.09765625 0.048828125
0 0.7138671875 0.5029296875 0.0947265625 0.0498046875
0 0.9384765625 0.587890625 0.1162109375 0.08984375
0 0.107421875 0.53515625 0.1474609375 0.0693359375
0 0.197265625 0.482421875 0.0908203125 0.044921875
0 0.4072265625 0.5 0.103515625 0.0458984375
0 0.294921875 0.458984375 0.080078125 0.041015625
0 0.361328125 0.478515625 0.0869140625 0.0380859375
0 0.5888671875 0.4501953125 0.07421875 0.0322265625
0 0.3857421875 0.447265625 0.0712890625 0.0341796875
0 0.1396484375 0.5068359375 0.107421875 0.052734375
0 0.8056640625 0.529296875 0.13671875 0.0771484375
0 0.9111328125 0.44140625 0.078125 0.02734375
0 0.9521484375 0.8212890625 0.0888671875 0.1748046875
0 0.5126953125 0.4208984375 0.0458984375 0.0205078125
0 0.2001953125 0.4345703125 0.0595703125 0.0283203125
0 0.4697265625 0.4287109375 0.0517578125 0.0224609375
0 0.830078125 0.4462890625 0.072265625 0.0302734375
0 0.3193359375 0.3974609375 0.03515625 0.0146484375
0 0.2734375 0.435546875 0.0625 0.0322265625