0 0.50390625 0.8662109375 0.3232421875 0.2294921875
0 0.1171875 0.7080078125 0.234375 0.134765625
0 0.439453125 0.5732421875 0.154296875 0.0849609375
0 0.2431640625 0.5546875 0.1201171875 0.068359375
0 0.9287109375 0.6015625 0.1396484375 0.0859375
0 0.0712890625 0.5927734375 0.142578125 0.091796875
0 0.6982421875 0.5859375 0.1591796875 0.0908203125
0 0.5498046875 0.49609375 0.099609375 0.0517578125
0 0.6767578125 0.494140625 0.09765625 0.044921875
0 0.2373046875 0.4990234375 0.10546875 0.0478515625
0 0.4091796875 0.498046875 0.107421875 0.064453125
0 0.6123046875 0.4638671875 0.076171875 0.0322265625
0 0.498046875 0.462890625 0.0693359375 0.0341796875
0 0.2080078125 0.4736328125 0.0869140625 0.0439453125
0 0.310546875 0.45703125 0.0625 0.0302734375
0 0.2578125 0.44921875 0.056640625 0.029296875
0 0.951171875 0.4619140625 0.0595703125 0.0302734375
0 0.3544921875 0.4384765625 0.0537109375 0.0263671875
0 0.4052734375 0.4658203125 0.0712890625 0.0322265625
0 0.474609375 0.4453125 0.05859375 0.029296875
0 0.564453125 0.447265625 0.0576171875 0.0322265625
0 0.857421875 0.43359375 0.0693359375 0.021484375
0 0.517578125 0.4404296875 0.05078125 0.0244140625
0 0.8740234375 0.4638671875 0.0625 0.02734375
0 0.4951171875 0.421875 0.0400390625 0.0166015625
3 0.9306640625 0.849609375 0.138671875 0.19140625