1 0.8662109375 0.3310546875 0.15234375 0.0810546875
2 0.486328125 0.2587890625 0.080078125 0.0498046875
1 0.5517578125 0.26953125 0.0966796875 0.046875
2 0.703125 0.3193359375 0.1044921875 0.0693359375
2 0.5400390625 0.30859375 0.0810546875 0.0556640625
3 0.0947265625 0.4248046875 0.041015625 0.044921875
2 0.369140625 0.2294921875 0.064453125 0.0400390625
1 0.2099609375 0.294921875 0.0869140625 0.0634765625
0 0.6357421875 0.3828125 0.0888671875 0.033203125
2 0.2958984375 0.462890625 0.2265625 0.1572265625
3 0.19140625 0.345703125 0.0341796875 0.0322265625
0 0.40625 0.2626953125 0.0400390625 0.0234375
0 0.3056640625 0.310546875 0.05078125 0.0234375
2 0.5810546875 0.32421875 0.078125 0.056640625
0 0.3203125 0.3681640625 0.0791015625 0.0322265625
2 0.6435546875 0.4482421875 0.14453125 0.1123046875
0 0.86328125 0.4833984375 0.1376953125 0.068359375
0 0.6083984375 0.3583984375 0.06640625 0.03125
0 0.1728515625 0.2509765625 0.0341796875 0.017578125
0 0.9609375 0.4365234375 0.07421875 0.046875
0 0.05859375 0.521484375 0.1171875 0.072265625
1 0.16015625 0.216796875 0.037109375 0.0224609375
0 0.2109375 0.2294921875 0.0263671875 0.0126953125
0 0.8037109375 0.3955078125 0.09375 0.041015625
0 0.7412109375 0.5615234375 0.1689453125 0.076171875
0 0.732421875 0.369140625 0.080078125 0.037109375
0 0.1513671875 0.22265625 0.0205078125 0.0107421875
2 0.8623046875 0.6640625 0.255859375 0.1953125
0 0.2685546875 0.2314453125 0.0263671875 0.01171875
0 0.4306640625 0.3310546875 0.05859375 0.03125
1 0.55078125 0.2490234375 0.0703125 0.0146484375
0 0.4248046875 0.435546875 0.048828125 0.0537109375
0 0.18359375 0.44921875 0.0615234375 0.0517578125
0 0.435546875 0.2548828125 0.0263671875 0.017578125
0 0.419921875 0.271484375 0.044921875 0.0244140625
3 0.47265625 0.2919921875 0.0205078125 0.0205078125
0 0.173828125 0.236328125 0.02734375 0.0146484375
2 0.2783203125 0.2138671875 0.02734375 0.0205078125
0 0.3369140625 0.2744140625 0.04296875 0.0205078125
0 0.2275390625 0.248046875 0.0224609375 0.013671875
0 0.3388671875 0.3408203125 0.0634765625 0.033203125