1 0.1943359375 0.3466796875 0.12109375 0.0849609375
1 0.3662109375 0.232421875 0.0556640625 0.0302734375
1 0.5400390625 0.3115234375 0.06640625 0.0439453125
0 0.3271484375 0.5068359375 0.146484375 0.072265625
0 0.61328125 0.3671875 0.0703125 0.0361328125
0 0.376953125 0.8212890625 0.3232421875 0.1533203125
0 0.84765625 0.490234375 0.126953125 0.0654296875
1 0.412109375 0.2626953125 0.056640625 0.033203125
2 0.5185546875 0.2763671875 0.0546875 0.0341796875
0 0.1572265625 0.474609375 0.1318359375 0.05859375
0 0.8359375 0.4375 0.10546875 0.0498046875
1 0.232421875 0.220703125 0.0322265625 0.0185546875
0 0.3642578125 0.2900390625 0.0458984375 0.0224609375
0 0.236328125 0.251953125 0.03515625 0.0185546875
1 0.455078125 0.240234375 0.0458984375 0.025390625
0 0.654296875 0.4228515625 0.0927734375 0.046875
1 0.412109375 0.2373046875 0.05078125 0.033203125
0 0.3251953125 0.322265625 0.05859375 0.029296875
0 0.18359375 0.2529296875 0.0322265625 0.0185546875
0 0.66796875 0.4892578125 0.1240234375 0.068359375
0 0.2880859375 0.41015625 0.08984375 0.0439453125
1 0.6474609375 0.2978515625 0.060546875 0.033203125
0 0.205078125 0.2783203125 0.0390625 0.0205078125
0 0.4814453125 0.2734375 0.033203125 0.01953125
0 0.8125 0.34765625 0.07421875 0.03125
0 0.748046875 0.3251953125 0.060546875 0.025390625
0 0.2724609375 0.240234375 0.02734375 0.01171875
0 0.712890625 0.3544921875 0.0703125 0.033203125
0 0.5859375 0.3076171875 0.0361328125 0.021484375
1 0.3076171875 0.2197265625 0.02734375 0.017578125
0 0.6640625 0.3330078125 0.0673828125 0.029296875
0 0.5947265625 0.345703125 0.06640625 0.0322265625
0 0.5625 0.2802734375 0.0390625 0.017578125
0 0.44140625 0.2841796875 0.04296875 0.0166015625
0 0.4521484375 0.2626953125 0.0322265625 0.0166015625
0 0.6962890625 0.3115234375 0.056640625 0.0244140625
0 0.5615234375 0.2705078125 0.03515625 0.0107421875
3 0.955078125 0.380859375 0.037109375 0.0380859375
0 0.40234375 0.271484375 0.0244140625 0.0146484375
2 0.9091796875 0.6748046875 0.171875 0.1435546875
2 0.2666015625 0.2138671875 0.0341796875 0.0205078125
1 0.2109375 0.216796875 0.0185546875 0.01171875
3 0.3583984375 0.30859375 0.017578125 0.021484375
0 0.3740234375 0.2529296875 0.0302734375 0.0185546875
0 0.2548828125 0.2626953125 0.037109375 0.0166015625
1 0.1826171875 0.208984375 0.0244140625 0.01171875
0 0.5078125 0.2646484375 0.0322265625 0.013671875