2 0.5048828125 0.2646484375 0.0810546875 0.05078125
1 0.921875 0.3525390625 0.1533203125 0.0947265625
1 0.599609375 0.28125 0.1103515625 0.048828125
2 0.7470703125 0.337890625 0.1162109375 0.080078125
2 0.392578125 0.236328125 0.0732421875 0.0498046875
2 0.5673828125 0.3193359375 0.0693359375 0.052734375
0 0.8701171875 0.578125 0.1806640625 0.0966796875
2 0.3955078125 0.4091796875 0.1513671875 0.1162109375
2 0.6103515625 0.3369140625 0.083984375 0.06640625
0 0.5771484375 0.70703125 0.279296875 0.1376953125
2 0.6025390625 0.509765625 0.2021484375 0.1279296875
0 0.8369140625 0.4287109375 0.107421875 0.05078125
0 0.220703125 0.4365234375 0.11328125 0.052734375
0 0.7724609375 0.396484375 0.08984375 0.0419921875
2 0.205078125 0.27734375 0.078125 0.0498046875
0 0.294921875 0.396484375 0.080078125 0.04296875
0 0.6328125 0.3798828125 0.076171875 0.0361328125
0 0.3876953125 0.3017578125 0.0517578125 0.025390625
0 0.6494140625 0.4140625 0.1025390625 0.0556640625
0 0.1064453125 0.544921875 0.205078125 0.1162109375
0 0.3310546875 0.341796875 0.0703125 0.0361328125
0 0.3193359375 0.3154296875 0.0556640625 0.0263671875
2 0.5771484375 0.2548828125 0.072265625 0.017578125
0 0.3125 0.259765625 0.037109375 0.01953125
0 0.982421875 0.494140625 0.03515625 0.0576171875
0 0.6611328125 0.9130859375 0.5380859375 0.162109375
3 0.2001953125 0.380859375 0.037109375 0.044921875
3 0.1962890625 0.3154296875 0.0244140625 0.025390625
3 0.53515625 0.3134765625 0.03125 0.033203125