1 0.1328125 0.392578125 0.1806640625 0.1025390625
0 0.599609375 0.6025390625 0.1728515625 0.0830078125
0 0.2548828125 0.2646484375 0.044921875 0.025390625
0 0.5869140625 0.3525390625 0.064453125 0.033203125
1 0.505859375 0.302734375 0.0615234375 0.0419921875
0 0.673828125 0.341796875 0.05859375 0.0283203125
1 0.2412109375 0.2275390625 0.0341796875 0.01953125
0 0.1728515625 0.4814453125 0.1337890625 0.060546875
0 0.6748046875 0.4384765625 0.1025390625 0.0615234375
0 0.8310546875 0.4326171875 0.1015625 0.048828125
2 0.49609375 0.2724609375 0.0458984375 0.0283203125
0 0.064453125 0.6748046875 0.12890625 0.126953125
2 0.392578125 0.2607421875 0.04296875 0.0322265625
0 0.6416015625 0.3935546875 0.0810546875 0.0400390625
1 0.611328125 0.2919921875 0.0556640625 0.029296875
1 0.4423828125 0.240234375 0.0419921875 0.0263671875
0 0.4013671875 0.3154296875 0.0537109375 0.025390625
0 0.7919921875 0.3994140625 0.0888671875 0.0419921875
0 0.623046875 0.322265625 0.056640625 0.0244140625
0 0.193359375 0.265625 0.0361328125 0.01953125
0 0.703125 0.3173828125 0.052734375 0.0224609375
3 0.4013671875 0.3369140625 0.0283203125 0.02734375
0 0.2158203125 0.298828125 0.046875 0.025390625
0 0.2724609375 0.28125 0.0400390625 0.0185546875
2 0.3466796875 0.240234375 0.0380859375 0.029296875
0 0.7568359375 0.3359375 0.0693359375 0.02734375
1 0.1884765625 0.216796875 0.0234375 0.0185546875
2 0.9638671875 0.38671875 0.0703125 0.0849609375
1 0.33203125 0.37109375 0.07421875 0.0556640625
0 0.376953125 0.259765625 0.0244140625 0.01953125
1 0.3876953125 0.240234375 0.0595703125 0.037109375
0 0.435546875 0.26171875 0.0322265625 0.0166015625
3 0.9013671875 0.3603515625 0.025390625 0.0244140625
0 0.42578125 0.2763671875 0.041015625 0.0205078125
0 0.5625 0.333984375 0.0625 0.029296875
0 0.19921875 0.232421875 0.0224609375 0.0107421875
0 0.65625 0.3056640625 0.0537109375 0.0224609375
0 0.5400390625 0.2705078125 0.033203125 0.009765625
2 0.91796875 0.560546875 0.130859375 0.1025390625
0 0.2353515625 0.2578125 0.0185546875 0.017578125
1 0.2177734375 0.22265625 0.0185546875 0.01171875
0 0.9443359375 0.3916015625 0.025390625 0.05078125