2 0.7353515625 0.30859375 0.1298828125 0.078125
0 0.8154296875 0.607421875 0.21484375 0.1279296875
2 0.896484375 0.4375 0.2001953125 0.1484375
0 0.666015625 0.501953125 0.12890625 0.06640625
0 0.6953125 0.916015625 0.3974609375 0.1591796875
0 0.4609375 0.3935546875 0.09375 0.048828125
0 0.646484375 0.376953125 0.080078125 0.0380859375
0 0.173828125 0.5625 0.201171875 0.095703125
0 0.2724609375 0.41015625 0.1083984375 0.05859375
0 0.5029296875 0.2978515625 0.0546875 0.0224609375
0 0.8076171875 0.3798828125 0.0810546875 0.0458984375
2 0.6279296875 0.271484375 0.0537109375 0.017578125
0 0.2373046875 0.3310546875 0.064453125 0.0341796875
0 0.27734375 0.27734375 0.0458984375 0.0224609375
0 0.2421875 0.3017578125 0.052734375 0.0302734375
0 0.3203125 0.3173828125 0.0576171875 0.029296875
0 0.12109375 0.4130859375 0.1259765625 0.0693359375
0 0.4169921875 0.296875 0.072265625 0.0419921875
0 0.595703125 0.3349609375 0.0625 0.0341796875
0 0.326171875 0.287109375 0.0576171875 0.0439453125
0 0.478515625 0.2763671875 0.048828125 0.021484375
0 0.4228515625 0.255859375 0.0390625 0.0185546875
0 0.283203125 0.248046875 0.0546875 0.0390625
0 0.1962890625 0.2294921875 0.0263671875 0.0126953125
0 0.2001953125 0.240234375 0.03125 0.0166015625
0 0.3251953125 0.2392578125 0.044921875 0.0341796875
0 0.421875 0.2314453125 0.0537109375 0.0302734375
0 0.2490234375 0.232421875 0.0361328125 0.0263671875
0 0.380859375 0.2392578125 0.0302734375 0.0146484375