2 0.5810546875 0.2841796875 0.087890625 0.0537109375
1 0.6875 0.2880859375 0.1123046875 0.056640625
1 0.4736328125 0.25 0.076171875 0.0361328125
3 0.9072265625 0.3486328125 0.02734375 0.029296875
1 0.1162109375 0.3876953125 0.1923828125 0.1044921875
2 0.458984375 0.275390625 0.0615234375 0.0419921875
2 0.84375 0.4111328125 0.1142578125 0.0830078125
1 0.166015625 0.2255859375 0.044921875 0.0283203125
1 0.6337890625 0.3564453125 0.0966796875 0.0712890625
0 0.1953125 0.2646484375 0.041015625 0.0205078125
0 0.1552734375 0.4931640625 0.146484375 0.0693359375
0 0.37109375 0.2509765625 0.033203125 0.017578125
1 0.341796875 0.22265625 0.0859375 0.0380859375
0 0.892578125 0.560546875 0.16015625 0.083984375
0 0.5537109375 0.322265625 0.0654296875 0.0322265625
0 0.943359375 0.38671875 0.091796875 0.04296875
0 0.576171875 0.34765625 0.0302734375 0.0322265625
0 0.3330078125 0.5029296875 0.13671875 0.068359375
0 0.3046875 0.4130859375 0.091796875 0.044921875
2 0.5439453125 0.576171875 0.2197265625 0.1474609375
0 0.3212890625 0.263671875 0.0400390625 0.017578125
0 0.755859375 0.3984375 0.078125 0.033203125
1 0.2734375 0.2109375 0.0361328125 0.0205078125
0 0.443359375 0.333984375 0.0625 0.0341796875
0 0.4208984375 0.2666015625 0.025390625 0.0224609375
0 0.2802734375 0.2841796875 0.0458984375 0.0185546875
1 0.2158203125 0.2216796875 0.0263671875 0.017578125
0 0.1982421875 0.2998046875 0.0517578125 0.0263671875
0 0.7451171875 0.3671875 0.080078125 0.03515625
0 0.1953125 0.2529296875 0.03515625 0.017578125
2 0.43359375 0.2421875 0.0537109375 0.0380859375
0 0.3212890625 0.255859375 0.0361328125 0.013671875
2 0.4873046875 0.2841796875 0.0615234375 0.04296875
0 0.8134765625 0.345703125 0.0712890625 0.0302734375
0 0.234375 0.2216796875 0.0185546875 0.009765625
0 0.294921875 0.296875 0.0498046875 0.0234375
1 0.197265625 0.20703125 0.0224609375 0.01171875
0 0.6875 0.33203125 0.0576171875 0.0263671875
0 0.515625 0.3095703125 0.0576171875 0.025390625
0 0.9755859375 0.6474609375 0.0458984375 0.111328125
0 0.1318359375 0.9775390625 0.2626953125 0.04296875
0 0.2900390625 0.244140625 0.03125 0.01171875
0 0.421875 0.2509765625 0.02734375 0.0166015625
0 0.23046875 0.2470703125 0.0322265625 0.0166015625