2 0.5107421875 0.267578125 0.0732421875 0.048828125
1 0.591796875 0.2705078125 0.0908203125 0.0498046875
1 0.177734375 0.2392578125 0.0537109375 0.0322265625
2 0.4404296875 0.255859375 0.0615234375 0.0576171875
1 0.4609375 0.2392578125 0.0615234375 0.0322265625
1 0.57421875 0.3212890625 0.0869140625 0.0556640625
0 0.3837890625 0.298828125 0.0546875 0.029296875
0 0.8466796875 0.59765625 0.171875 0.091796875
2 0.7587890625 0.3525390625 0.0947265625 0.060546875
0 0.5712890625 0.5927734375 0.1865234375 0.091796875
0 0.4853515625 0.2978515625 0.0576171875 0.0263671875
1 0.6708984375 0.4482421875 0.125 0.0927734375
0 0.20703125 0.2978515625 0.0517578125 0.0244140625
0 0.8466796875 0.4375 0.1083984375 0.0517578125
0 0.3173828125 0.322265625 0.056640625 0.0322265625
2 0.30078125 0.216796875 0.044921875 0.033203125
2 0.4052734375 0.2412109375 0.068359375 0.052734375
0 0.228515625 0.2333984375 0.03125 0.021484375
0 0.6328125 0.7548828125 0.2626953125 0.14453125
0 0.3828125 0.2509765625 0.0361328125 0.015625
0 0.44921875 0.4111328125 0.08984375 0.048828125
0 0.1845703125 0.3662109375 0.072265625 0.0380859375
0 0.669921875 0.3310546875 0.072265625 0.0322265625
0 0.630859375 0.3525390625 0.078125 0.02734375
0 0.517578125 0.3154296875 0.0361328125 0.0263671875
3 0.7861328125 0.314453125 0.0205078125 0.017578125
0 0.330078125 0.267578125 0.0390625 0.0185546875
1 0.201171875 0.208984375 0.02734375 0.013671875
2 0.3369140625 0.220703125 0.0302734375 0.0263671875
0 0.2421875 0.248046875 0.033203125 0.0146484375
0 0.328125 0.3515625 0.06640625 0.0341796875
0 0.806640625 0.3369140625 0.07421875 0.03515625
0 0.255859375 0.2705078125 0.0400390625 0.0185546875
0 0.712890625 0.3154296875 0.05859375 0.0244140625
2 0.25 0.208984375 0.0166015625 0.017578125
0 0.9853515625 0.87109375 0.0283203125 0.162109375
2 0.279296875 0.2099609375 0.017578125 0.0185546875
0 0.9765625 0.4560546875 0.044921875 0.05859375