2 0.7958984375 0.3193359375 0.1435546875 0.087890625
2 0.90234375 0.513671875 0.1943359375 0.154296875
0 0.59375 0.603515625 0.1884765625 0.0947265625
0 0.42578125 0.4345703125 0.1123046875 0.0595703125
0 0.8408203125 0.822265625 0.3154296875 0.232421875
2 0.1015625 0.47265625 0.1953125 0.12890625
0 0.689453125 0.41015625 0.09375 0.0458984375
0 0.4755859375 0.349609375 0.0751953125 0.0390625
0 0.3369140625 0.3671875 0.08203125 0.0478515625
2 0.6767578125 0.3017578125 0.0966796875 0.068359375
0 0.564453125 0.310546875 0.0615234375 0.0244140625
0 0.6513671875 0.353515625 0.06640625 0.0390625
2 0.96484375 0.3642578125 0.06640625 0.056640625
0 0.267578125 0.255859375 0.041015625 0.0205078125
0 0.52734375 0.2861328125 0.052734375 0.0244140625
2 0.677734375 0.275390625 0.056640625 0.01953125