0 0.8291015625 0.875 0.3017578125 0.1728515625
0 0.9228515625 0.5830078125 0.154296875 0.080078125
0 0.3466796875 0.3623046875 0.0712890625 0.0380859375
0 0.9072265625 0.4990234375 0.1298828125 0.0654296875
0 0.5712890625 0.349609375 0.064453125 0.02734375
0 0.40234375 0.7685546875 0.265625 0.1416015625
0 0.3037109375 0.548828125 0.1669921875 0.078125
0 0.3388671875 0.404296875 0.080078125 0.04296875
0 0.478515625 0.314453125 0.0498046875 0.0244140625
0 0.2060546875 0.2763671875 0.03515625 0.017578125
0 0.3154296875 0.3291015625 0.0556640625 0.0302734375
0 0.1513671875 0.4404296875 0.0986328125 0.048828125
0 0.662109375 0.5517578125 0.1513671875 0.0830078125
0 0.9365234375 0.388671875 0.10546875 0.0576171875
0 0.58984375 0.32421875 0.056640625 0.0224609375
1 0.287109375 0.251953125 0.04296875 0.029296875
1 0.33203125 0.2470703125 0.0458984375 0.029296875
0 0.7001953125 0.4736328125 0.107421875 0.0537109375
1 0.2119140625 0.2431640625 0.0244140625 0.01953125
0 0.572265625 0.2958984375 0.037109375 0.017578125
2 0.3623046875 0.2587890625 0.037109375 0.0263671875
0 0.6943359375 0.3779296875 0.0693359375 0.0302734375
0 0.5302734375 0.3037109375 0.044921875 0.01953125
0 0.3671875 0.3056640625 0.0478515625 0.0185546875
0 0.234375 0.3564453125 0.0625 0.0361328125
1 0.40625 0.248046875 0.03515625 0.0205078125
0 0.6015625 0.306640625 0.044921875 0.01953125
0 0.5166015625 0.283203125 0.0263671875 0.013671875
1 0.2578125 0.2421875 0.025390625 0.0185546875
0 0.6376953125 0.337890625 0.0615234375 0.0263671875
0 0.490234375 0.29296875 0.03515625 0.0185546875
0 0.5244140625 0.330078125 0.056640625 0.025390625
2 0.759765625 0.330078125 0.10546875 0.0576171875
2 0.4287109375 0.2763671875 0.052734375 0.0439453125
0 0.2900390625 0.294921875 0.041015625 0.0185546875
0 0.2060546875 0.2646484375 0.0244140625 0.0087890625
0 0.2509765625 0.265625 0.0341796875 0.0166015625
0 0.4033203125 0.2626953125 0.033203125 0.0205078125
0 0.4384765625 0.263671875 0.0263671875 0.0166015625
0 0.2490234375 0.2548828125 0.029296875 0.013671875
0 0.54296875 0.2890625 0.0390625 0.01953125
0 0.45703125 0.3037109375 0.044921875 0.021484375
0 0.47265625 0.267578125 0.0322265625 0.0166015625
0 0.234375 0.2548828125 0.02734375 0.013671875
0 0.1826171875 0.248046875 0.0224609375 0.01171875