1 0.8544921875 0.3291015625 0.15234375 0.0810546875
2 0.6552734375 0.30078125 0.115234375 0.07421875
2 0.423828125 0.3037109375 0.0908203125 0.064453125
0 0.845703125 0.662109375 0.2138671875 0.1123046875
0 0.751953125 0.904296875 0.3505859375 0.1865234375
1 0.7451171875 0.30078125 0.1044921875 0.0595703125
2 0.521484375 0.26171875 0.0986328125 0.0625
0 0.5927734375 0.5771484375 0.162109375 0.0791015625
2 0.8916015625 0.4638671875 0.203125 0.1474609375
2 0.4580078125 0.2509765625 0.0546875 0.04296875
2 0.6650390625 0.4404296875 0.146484375 0.126953125
2 0.189453125 0.2333984375 0.046875 0.03125
2 0.298828125 0.365234375 0.150390625 0.1123046875
2 0.310546875 0.2138671875 0.03125 0.021484375
3 0.251953125 0.2744140625 0.0146484375 0.0185546875
0 0.373046875 0.7626953125 0.353515625 0.1806640625
0 0.2099609375 0.3427734375 0.064453125 0.033203125
0 0.5966796875 0.3447265625 0.076171875 0.03515625
2 0.1533203125 0.5654296875 0.306640625 0.162109375
2 0.2197265625 0.28515625 0.0498046875 0.03515625