0 0.298828125 0.3046875 0.0537109375 0.029296875
0 0.2138671875 0.306640625 0.044921875 0.025390625
0 0.904296875 0.716796875 0.185546875 0.1298828125
0 0.53125 0.3310546875 0.060546875 0.0283203125
0 0.6337890625 0.3828125 0.076171875 0.0390625
0 0.466796875 0.3916015625 0.0732421875 0.037109375
1 0.2626953125 0.2412109375 0.0361328125 0.0224609375
0 0.71484375 0.4453125 0.0966796875 0.044921875
0 0.802734375 0.96484375 0.37890625 0.0615234375
3 0.4150390625 0.4267578125 0.041015625 0.0361328125
2 0.453125 0.28125 0.05078125 0.05078125
0 0.5859375 0.3564453125 0.064453125 0.0302734375
0 0.2685546875 0.2900390625 0.033203125 0.021484375
1 0.099609375 0.509765625 0.181640625 0.1025390625
1 0.41796875 0.24609375 0.0400390625 0.025390625
0 0.3212890625 0.275390625 0.0400390625 0.017578125
0 0.4990234375 0.31640625 0.044921875 0.0224609375
0 0.1875 0.2548828125 0.02734375 0.0146484375
0 0.2421875 0.9130859375 0.4384765625 0.1650390625
1 0.376953125 0.259765625 0.046875 0.029296875
1 0.2998046875 0.234375 0.0283203125 0.0234375
2 0.87109375 0.3525390625 0.12109375 0.0673828125
0 0.7294921875 0.3701171875 0.080078125 0.033203125
0 0.6796875 0.353515625 0.0654296875 0.0283203125
0 0.2548828125 0.2666015625 0.02734375 0.0146484375
0 0.5986328125 0.634765625 0.1943359375 0.095703125
1 0.34765625 0.240234375 0.03125 0.0234375
0 0.6240234375 0.306640625 0.0458984375 0.0185546875
0 0.3193359375 0.330078125 0.056640625 0.0283203125
0 0.556640625 0.2919921875 0.033203125 0.015625
0 0.541015625 0.3056640625 0.0478515625 0.0205078125
0 0.560546875 0.28125 0.044921875 0.015625
0 0.6630859375 0.3193359375 0.056640625 0.0224609375
3 0.80078125 0.3447265625 0.0244140625 0.025390625
1 0.1982421875 0.2294921875 0.0263671875 0.0205078125
0 0.423828125 0.26171875 0.046875 0.01953125
0 0.2294921875 0.3564453125 0.0625 0.03515625
1 0.2353515625 0.2353515625 0.0263671875 0.0146484375
0 0.220703125 0.248046875 0.0263671875 0.013671875
0 0.58984375 0.3203125 0.0537109375 0.0244140625
0 0.5888671875 0.2958984375 0.0439453125 0.0185546875