0 0.6845703125 0.4560546875 0.1123046875 0.052734375
0 0.32421875 0.8291015625 0.3603515625 0.173828125
0 0.4716796875 0.3671875 0.080078125 0.0419921875
0 0.1884765625 0.3876953125 0.0703125 0.0419921875
0 0.61328125 0.330078125 0.0693359375 0.0302734375
0 0.8984375 0.427734375 0.1171875 0.04296875
0 0.4423828125 0.3173828125 0.0634765625 0.033203125
0 0.6767578125 0.3818359375 0.076171875 0.048828125
0 0.3515625 0.3349609375 0.068359375 0.041015625
0 0.4892578125 0.267578125 0.05078125 0.0224609375
0 0.3876953125 0.2607421875 0.0595703125 0.033203125
0 0.24609375 0.240234375 0.0361328125 0.0166015625
0 0.5732421875 0.298828125 0.0625 0.0283203125
2 0.8681640625 0.625 0.263671875 0.3203125
2 0.28125 0.3994140625 0.140625 0.09765625
2 0.703125 0.30078125 0.087890625 0.0654296875
2 0.8505859375 0.3466796875 0.15234375 0.1162109375
2 0.7080078125 0.2822265625 0.0830078125 0.0244140625