1 0.4951171875 0.2548828125 0.0859375 0.0380859375
2 0.6201171875 0.294921875 0.08984375 0.05859375
1 0.7373046875 0.298828125 0.125 0.0634765625
2 0.4462890625 0.2470703125 0.0654296875 0.04296875
1 0.185546875 0.3505859375 0.1376953125 0.0888671875
1 0.6474609375 0.3818359375 0.1044921875 0.0751953125
2 0.4775390625 0.28515625 0.05859375 0.04296875
2 0.513671875 0.294921875 0.068359375 0.046875
0 0.7802734375 0.4326171875 0.072265625 0.044921875
2 0.875 0.4560546875 0.1337890625 0.1015625
1 0.1630859375 0.2236328125 0.0400390625 0.0234375
0 0.583984375 0.3408203125 0.07421875 0.0361328125
0 0.9345703125 0.8916015625 0.1240234375 0.1923828125
0 0.291015625 0.4208984375 0.0966796875 0.0537109375
0 0.869140625 0.703125 0.224609375 0.123046875
0 0.4423828125 0.421875 0.09375 0.05078125
0 0.1875 0.2529296875 0.0361328125 0.0185546875
0 0.298828125 0.251953125 0.03515625 0.017578125
0 0.115234375 0.5859375 0.2080078125 0.08984375
2 0.3388671875 0.220703125 0.056640625 0.0341796875
0 0.3828125 0.255859375 0.0400390625 0.01953125
0 0.7890625 0.3896484375 0.091796875 0.0400390625
0 0.3330078125 0.3701171875 0.072265625 0.03515625
1 0.208984375 0.2197265625 0.0234375 0.0146484375
3 0.9677734375 0.37109375 0.0322265625 0.0361328125
0 0.107421875 0.478515625 0.1689453125 0.0751953125
0 0.59765625 0.36328125 0.0322265625 0.0419921875
0 0.2724609375 0.2353515625 0.02734375 0.01171875
0 0.4013671875 0.30859375 0.0556640625 0.0283203125
0 0.1904296875 0.2783203125 0.0439453125 0.0234375
0 0.7265625 0.34765625 0.0703125 0.029296875
0 0.869140625 0.369140625 0.076171875 0.03515625
0 0.279296875 0.27734375 0.0439453125 0.0224609375
3 0.0302734375 0.4365234375 0.048828125 0.0478515625
0 0.984375 0.4287109375 0.0283203125 0.037109375
0 0.2607421875 0.2666015625 0.0419921875 0.0224609375
0 0.55078125 0.3232421875 0.060546875 0.02734375
0 0.1875 0.2431640625 0.03125 0.0146484375
2 0.3662109375 0.7568359375 0.3681640625 0.2421875
1 0.1884765625 0.2099609375 0.0283203125 0.017578125
0 0.23046875 0.220703125 0.0126953125 0.0087890625