1 0.5615234375 0.2626953125 0.078125 0.04296875
2 0.4931640625 0.26171875 0.0634765625 0.0439453125
1 0.1845703125 0.2451171875 0.0595703125 0.0400390625
1 0.443359375 0.2353515625 0.064453125 0.0302734375
0 0.7568359375 0.5869140625 0.171875 0.0869140625
0 0.849609375 0.5 0.130859375 0.06640625
1 0.541015625 0.3076171875 0.0771484375 0.05078125
0 0.421875 0.32421875 0.0625 0.033203125
2 0.712890625 0.33203125 0.080078125 0.052734375
0 0.640625 0.509765625 0.1357421875 0.068359375
2 0.6796875 0.4072265625 0.10546875 0.0791015625
0 0.12109375 0.4140625 0.0986328125 0.046875
0 0.958984375 0.4111328125 0.0791015625 0.0458984375
0 0.369140625 0.478515625 0.1318359375 0.068359375
0 0.80859375 0.4013671875 0.0947265625 0.0439453125
0 0.490234375 0.3017578125 0.0380859375 0.0263671875
0 0.20703125 0.3056640625 0.0517578125 0.0283203125
0 0.3173828125 0.3955078125 0.0810546875 0.0380859375
0 0.4580078125 0.287109375 0.0498046875 0.0244140625
0 0.3251953125 0.3544921875 0.072265625 0.0400390625
0 0.625 0.314453125 0.060546875 0.025390625
2 0.39453125 0.251953125 0.033203125 0.0322265625
1 0.2392578125 0.2412109375 0.03515625 0.0244140625
2 0.9453125 0.3779296875 0.099609375 0.056640625
0 0.76171875 0.3193359375 0.0361328125 0.029296875
0 0.36328125 0.28515625 0.046875 0.0205078125
0 0.369140625 0.2470703125 0.0263671875 0.015625
0 0.587890625 0.3359375 0.0654296875 0.0283203125
0 0.365234375 0.740234375 0.2197265625 0.130859375
0 0.208984375 0.3212890625 0.056640625 0.025390625
0 0.255859375 0.263671875 0.0380859375 0.0166015625
1 0.2080078125 0.2099609375 0.0234375 0.013671875
0 0.2685546875 0.28515625 0.0458984375 0.0224609375
2 0.3125 0.21484375 0.07421875 0.0283203125
0 0.66796875 0.2998046875 0.0498046875 0.0166015625
2 0.3837890625 0.232421875 0.046875 0.037109375
3 0.7353515625 0.302734375 0.0185546875 0.0107421875
0 0.2607421875 0.232421875 0.0205078125 0.0107421875
0 0.15625 0.21875 0.01953125 0.009765625