2 0.6904296875 0.2998046875 0.1171875 0.078125
0 0.1474609375 0.46484375 0.1455078125 0.07421875
3 0.494140625 0.8408203125 0.1318359375 0.138671875
0 0.232421875 0.3251953125 0.0595703125 0.03515625
0 0.43359375 0.3173828125 0.0771484375 0.048828125
0 0.4052734375 0.44921875 0.12109375 0.0634765625
0 0.755859375 0.501953125 0.158203125 0.0869140625
0 0.203125 0.3662109375 0.08984375 0.041015625
0 0.67578125 0.4384765625 0.09765625 0.05078125
0 0.544921875 0.3154296875 0.0537109375 0.0302734375
2 0.34765625 0.3154296875 0.0732421875 0.0537109375
0 0.4423828125 0.2666015625 0.0390625 0.021484375
0 0.29296875 0.298828125 0.0498046875 0.02734375
0 0.318359375 0.3525390625 0.0693359375 0.03515625
0 0.1875 0.234375 0.029296875 0.017578125
0 0.603515625 0.3486328125 0.072265625 0.0322265625
0 0.7490234375 0.3583984375 0.0546875 0.0400390625
0 0.7451171875 0.63671875 0.2158203125 0.12890625
0 0.45703125 0.2822265625 0.0458984375 0.0205078125
2 0.5859375 0.2880859375 0.0888671875 0.0576171875
2 0.853515625 0.3974609375 0.1767578125 0.1279296875
0 0.2353515625 0.2412109375 0.029296875 0.0185546875
0 0.3291015625 0.244140625 0.0458984375 0.03515625
0 0.2802734375 0.2548828125 0.068359375 0.0517578125
0 0.2265625 0.224609375 0.02734375 0.0185546875
0 0.1943359375 0.25 0.03515625 0.0166015625
0 0.392578125 0.2490234375 0.037109375 0.017578125
2 0.8447265625 0.3232421875 0.0849609375 0.029296875
2 0.3955078125 0.224609375 0.0439453125 0.021484375
2 0.0927734375 0.916015625 0.185546875 0.16015625
2 0.1767578125 0.216796875 0.029296875 0.013671875
2 0.306640625 0.220703125 0.02734375 0.01171875