2 0.6572265625 0.3046875 0.099609375 0.064453125
1 0.51953125 0.2607421875 0.0908203125 0.0478515625
2 0.462890625 0.251953125 0.0673828125 0.0458984375
1 0.8017578125 0.3125 0.138671875 0.072265625
2 0.3525390625 0.228515625 0.0634765625 0.0439453125
2 0.5048828125 0.294921875 0.0625 0.0478515625
2 0.5498046875 0.3076171875 0.0673828125 0.048828125
0 0.6103515625 0.3603515625 0.078125 0.0400390625
1 0.2109375 0.3193359375 0.0986328125 0.0751953125
3 0.146484375 0.3876953125 0.0361328125 0.0361328125
0 0.697265625 0.349609375 0.068359375 0.0322265625
2 0.8876953125 0.5283203125 0.1708984375 0.1279296875
2 0.65234375 0.4111328125 0.1171875 0.08984375
0 0.32421875 0.3369140625 0.0595703125 0.029296875
2 0.134765625 0.55078125 0.267578125 0.20703125
0 0.322265625 0.494140625 0.1181640625 0.0712890625
2 0.1611328125 0.220703125 0.037109375 0.021484375
0 0.2841796875 0.2412109375 0.0322265625 0.017578125
0 0.1796875 0.2470703125 0.0322265625 0.017578125
0 0.79296875 0.4794921875 0.11328125 0.0615234375
0 0.2578125 0.416015625 0.1123046875 0.056640625
0 0.33984375 0.3779296875 0.0751953125 0.0380859375
0 0.4580078125 0.3681640625 0.068359375 0.0400390625
0 0.8330078125 0.4267578125 0.1083984375 0.0517578125
0 0.5830078125 0.33984375 0.060546875 0.0283203125
0 0.4111328125 0.2626953125 0.0244140625 0.01953125
0 0.9208984375 0.3984375 0.091796875 0.0400390625
0 0.1806640625 0.2626953125 0.0380859375 0.0185546875
0 0.4208984375 0.248046875 0.0224609375 0.015625
0 0.7724609375 0.9677734375 0.39453125 0.060546875
0 0.1787109375 0.2373046875 0.029296875 0.0146484375
1 0.3037109375 0.212890625 0.0234375 0.0166015625
0 0.365234375 0.2890625 0.0478515625 0.0244140625
0 0.7685546875 0.3681640625 0.083984375 0.03515625
1 0.1689453125 0.20703125 0.02734375 0.0146484375
0 0.2431640625 0.248046875 0.03125 0.009765625
0 0.26171875 0.263671875 0.0380859375 0.0185546875
1 0.2041015625 0.21875 0.0244140625 0.017578125
0 0.2724609375 0.224609375 0.01953125 0.0126953125
1 0.19140625 0.205078125 0.0185546875 0.009765625