1 0.1923828125 0.255859375 0.064453125 0.046875
1 0.533203125 0.2548828125 0.068359375 0.0400390625
2 0.4775390625 0.2529296875 0.0576171875 0.037109375
0 0.2138671875 0.890625 0.412109375 0.18359375
1 0.4150390625 0.2333984375 0.05078125 0.0283203125
2 0.5068359375 0.2958984375 0.0712890625 0.046875
2 0.666015625 0.31640625 0.0751953125 0.0498046875
0 0.8125 0.49609375 0.1259765625 0.064453125
0 0.5712890625 0.5546875 0.15625 0.0869140625
2 0.3984375 0.248046875 0.0595703125 0.0361328125
2 0.6630859375 0.3759765625 0.0947265625 0.06640625
0 0.4619140625 0.2900390625 0.033203125 0.025390625
0 0.830078125 0.439453125 0.10546875 0.0517578125
0 0.435546875 0.2763671875 0.044921875 0.0234375
0 0.3984375 0.306640625 0.0517578125 0.0244140625
1 0.3271484375 0.2216796875 0.04296875 0.0234375
0 0.451171875 0.3583984375 0.0693359375 0.03515625
0 0.666015625 0.453125 0.103515625 0.052734375
0 0.2431640625 0.44921875 0.11328125 0.0556640625
0 0.2529296875 0.25 0.0400390625 0.0263671875
0 0.298828125 0.3935546875 0.0869140625 0.0478515625
1 0.1884765625 0.2236328125 0.02734375 0.017578125
0 0.115234375 0.609375 0.2294921875 0.107421875
0 0.908203125 0.37890625 0.0888671875 0.041015625
0 0.7685546875 0.373046875 0.0830078125 0.0380859375
0 0.19921875 0.330078125 0.0615234375 0.029296875
0 0.591796875 0.3046875 0.0576171875 0.0244140625
0 0.447265625 0.3388671875 0.06640625 0.0341796875
1 0.8779296875 0.3525390625 0.0908203125 0.0517578125
0 0.5498046875 0.3212890625 0.0634765625 0.02734375
0 0.236328125 0.22265625 0.0244140625 0.009765625
0 0.2734375 0.2783203125 0.046875 0.0234375
2 0.2939453125 0.2119140625 0.0390625 0.025390625
1 0.2099609375 0.208984375 0.0263671875 0.015625
0 0.279296875 0.3046875 0.0517578125 0.025390625
0 0.9775390625 0.419921875 0.044921875 0.044921875
1 0.1728515625 0.203125 0.01953125 0.009765625
0 0.1962890625 0.3525390625 0.0634765625 0.0263671875
0 0.7099609375 0.306640625 0.03515625 0.0263671875
0 0.6240234375 0.29296875 0.044921875 0.01953125
0 0.2724609375 0.236328125 0.0283203125 0.013671875