2 0.6162109375 0.2900390625 0.10546875 0.0673828125
1 0.7919921875 0.3154296875 0.1357421875 0.072265625
2 0.447265625 0.32421875 0.09765625 0.0732421875
2 0.8662109375 0.419921875 0.166015625 0.12890625
1 0.6982421875 0.291015625 0.0859375 0.0556640625
0 0.8447265625 0.66015625 0.212890625 0.109375
0 0.8564453125 0.5419921875 0.16015625 0.0751953125
2 0.669921875 0.4072265625 0.1220703125 0.1044921875
2 0.4794921875 0.25390625 0.107421875 0.056640625
0 0.6591796875 0.498046875 0.126953125 0.0615234375
2 0.4375 0.244140625 0.0361328125 0.0390625
2 0.189453125 0.23828125 0.052734375 0.03515625
2 0.2236328125 0.4033203125 0.240234375 0.1455078125
3 0.2001953125 0.2734375 0.0224609375 0.0205078125
0 0.5517578125 0.5986328125 0.2158203125 0.1123046875
0 0.1962890625 0.873046875 0.2861328125 0.169921875
2 0.6572265625 0.359375 0.0888671875 0.0361328125
3 0.25390625 0.291015625 0.01953125 0.021484375
2 0.3017578125 0.212890625 0.0302734375 0.01953125