1 0.20703125 0.314453125 0.0986328125 0.0712890625
0 0.8154296875 0.60546875 0.1865234375 0.09375
0 0.869140625 0.5029296875 0.1357421875 0.0654296875
1 0.427734375 0.2685546875 0.0634765625 0.03515625
0 0.6357421875 0.3916015625 0.0791015625 0.04296875
1 0.375 0.2294921875 0.0556640625 0.02734375
0 0.1787109375 0.2431640625 0.0283203125 0.017578125
2 0.55078125 0.2841796875 0.05859375 0.037109375
1 0.5771484375 0.32421875 0.0732421875 0.046875
2 0.43359375 0.2412109375 0.0458984375 0.033203125
0 0.4326171875 0.423828125 0.1015625 0.048828125
0 0.646484375 0.4658203125 0.111328125 0.0556640625
0 0.197265625 0.263671875 0.03515625 0.0205078125
1 0.4736328125 0.2431640625 0.044921875 0.029296875
1 0.2265625 0.21875 0.029296875 0.017578125
0 0.3330078125 0.271484375 0.0400390625 0.0224609375
0 0.7568359375 0.3759765625 0.0732421875 0.0361328125
0 0.5927734375 0.5712890625 0.16796875 0.0830078125
0 0.875 0.3662109375 0.0849609375 0.0361328125
0 0.2626953125 0.412109375 0.0966796875 0.0458984375
0 0.3203125 0.3642578125 0.0703125 0.037109375
0 0.8076171875 0.3408203125 0.072265625 0.03125
0 0.626953125 0.36328125 0.07421875 0.0341796875
0 0.71484375 0.3505859375 0.07421875 0.0322265625
0 0.5908203125 0.2841796875 0.0361328125 0.0205078125
0 0.26171875 0.2353515625 0.0263671875 0.0107421875
1 0.693359375 0.306640625 0.0654296875 0.03515625
0 0.3837890625 0.2587890625 0.029296875 0.017578125
2 0.12109375 0.58984375 0.240234375 0.1474609375
0 0.4658203125 0.2900390625 0.0458984375 0.021484375
0 0.73828125 0.322265625 0.0634765625 0.02734375
0 0.6318359375 0.3193359375 0.0537109375 0.025390625
0 0.5078125 0.2744140625 0.0439453125 0.0185546875
1 0.2216796875 0.240234375 0.033203125 0.021484375
0 0.2421875 0.240234375 0.021484375 0.01171875
1 0.3095703125 0.302734375 0.05859375 0.0400390625
1 0.30859375 0.220703125 0.0263671875 0.0224609375
1 0.203125 0.212890625 0.0263671875 0.0166015625
1 0.1796875 0.212890625 0.0263671875 0.0205078125
0 0.2412109375 0.2509765625 0.033203125 0.015625
0 0.3984375 0.265625 0.021484375 0.0205078125
2 0.28125 0.2138671875 0.052734375 0.0205078125
0 0.4697265625 0.267578125 0.0361328125 0.0185546875