2 0.8828125 0.3544921875 0.1689453125 0.1181640625
0 0.6416015625 0.533203125 0.15234375 0.0693359375
0 0.248046875 0.349609375 0.0703125 0.0361328125
0 0.474609375 0.32421875 0.0634765625 0.033203125
0 0.66015625 0.3544921875 0.076171875 0.03515625
0 0.9228515625 0.484375 0.14453125 0.072265625
2 0.7548828125 0.291015625 0.0927734375 0.0283203125
0 0.6201171875 0.314453125 0.06640625 0.0322265625
0 0.400390625 0.2919921875 0.060546875 0.0283203125
0 0.5263671875 0.279296875 0.0537109375 0.025390625
0 0.6962890625 0.4228515625 0.0927734375 0.060546875
0 0.2587890625 0.298828125 0.0576171875 0.0361328125
0 0.3486328125 0.3017578125 0.0595703125 0.025390625