1 0.9306640625 0.369140625 0.1279296875 0.1015625
2 0.732421875 0.3291015625 0.125 0.087890625
0 0.052734375 0.44921875 0.10546875 0.0654296875
2 0.5830078125 0.27734375 0.109375 0.0712890625
2 0.15625 0.525390625 0.2392578125 0.1669921875
2 0.375 0.2734375 0.0732421875 0.052734375
2 0.8037109375 0.7294921875 0.376953125 0.287109375
1 0.845703125 0.3232421875 0.1337890625 0.0751953125
0 0.4208984375 0.41015625 0.1328125 0.080078125
2 0.5263671875 0.609375 0.27734375 0.177734375
2 0.5009765625 0.263671875 0.0615234375 0.048828125
2 0.6279296875 0.4892578125 0.1767578125 0.1123046875
2 0.330078125 0.3115234375 0.107421875 0.0703125
0 0.6513671875 0.365234375 0.083984375 0.0419921875
2 0.2080078125 0.255859375 0.0400390625 0.0283203125
2 0.1845703125 0.2236328125 0.0390625 0.0263671875
0 0.2587890625 0.4228515625 0.1025390625 0.0498046875
0 0.6728515625 0.3994140625 0.099609375 0.0498046875
0 0.1611328125 0.9580078125 0.318359375 0.0810546875
0 0.4423828125 0.2724609375 0.0361328125 0.021484375
0 0.259765625 0.2431640625 0.037109375 0.0185546875
2 0.7060546875 0.287109375 0.06640625 0.0185546875
0 0.2158203125 0.2919921875 0.046875 0.0244140625
0 0.2705078125 0.265625 0.0439453125 0.0234375
0 0.6015625 0.33984375 0.0634765625 0.029296875
0 0.2392578125 0.228515625 0.0224609375 0.0126953125
0 0.2890625 0.27734375 0.04296875 0.0283203125
0 0.3525390625 0.2333984375 0.0302734375 0.0146484375
0 0.4775390625 0.2919921875 0.0498046875 0.0224609375
2 0.3662109375 0.220703125 0.044921875 0.0205078125
1 0.896484375 0.380859375 0.03515625 0.0537109375