0 0.5107421875 0.67578125 0.2412109375 0.1181640625
0 0.2236328125 0.455078125 0.138671875 0.064453125
0 0.0869140625 0.6494140625 0.169921875 0.1416015625
0 0.9208984375 0.55078125 0.1572265625 0.0908203125
2 0.90625 0.3994140625 0.1796875 0.16796875
0 0.693359375 0.388671875 0.0888671875 0.044921875
0 0.6826171875 0.478515625 0.1162109375 0.07421875
0 0.265625 0.3154296875 0.0615234375 0.0322265625
0 0.4462890625 0.291015625 0.0546875 0.02734375
0 0.6650390625 0.337890625 0.078125 0.0380859375
2 0.794921875 0.3388671875 0.103515625 0.0986328125
2 0.8095703125 0.30078125 0.0712890625 0.02734375
0 0.4970703125 0.2607421875 0.046875 0.0205078125
0 0.259765625 0.2763671875 0.052734375 0.0302734375
0 0.5703125 0.2919921875 0.0615234375 0.02734375
2 0.490234375 0.208984375 0.0283203125 0.0224609375