2 0.537109375 0.2744140625 0.08984375 0.056640625
1 0.6494140625 0.291015625 0.134765625 0.056640625
2 0.4140625 0.244140625 0.0810546875 0.0576171875
2 0.7861328125 0.361328125 0.126953125 0.09375
3 0.23828125 0.333984375 0.0263671875 0.0263671875
1 0.9501953125 0.3798828125 0.09765625 0.1123046875
1 0.6142578125 0.2724609375 0.078125 0.0458984375
2 0.5927734375 0.3349609375 0.0751953125 0.0595703125
2 0.6376953125 0.3564453125 0.09375 0.072265625
0 0.814453125 0.7744140625 0.2900390625 0.166015625
2 0.48828125 0.6142578125 0.27734375 0.1787109375
0 0.859375 0.474609375 0.123046875 0.0556640625
0 0.2177734375 0.953125 0.4287109375 0.0927734375
0 0.8115234375 0.427734375 0.103515625 0.0498046875
1 0.1962890625 0.259765625 0.06640625 0.048828125
0 0.6494140625 0.4560546875 0.1123046875 0.048828125
0 0.6533203125 0.4052734375 0.083984375 0.03515625
2 0.439453125 0.3740234375 0.1171875 0.1015625
3 0.193359375 0.294921875 0.0234375 0.025390625
0 0.291015625 0.3837890625 0.0859375 0.041015625
0 0.3232421875 0.3583984375 0.0732421875 0.03515625
0 0.607421875 0.5146484375 0.1455078125 0.0703125
0 0.322265625 0.31640625 0.0625 0.0302734375
0 0.2783203125 0.4443359375 0.1259765625 0.0712890625
0 0.353515625 0.279296875 0.04296875 0.021484375
0 0.3017578125 0.294921875 0.048828125 0.025390625
0 0.166015625 0.3720703125 0.072265625 0.0537109375
0 0.2705078125 0.2705078125 0.0400390625 0.0185546875
0 0.294921875 0.25 0.03125 0.0146484375
0 0.22265625 0.2314453125 0.0283203125 0.0126953125
0 0.47265625 0.267578125 0.04296875 0.0224609375
0 0.177734375 0.35546875 0.056640625 0.029296875
0 0.150390625 0.2197265625 0.017578125 0.0087890625
0 0.3408203125 0.236328125 0.0205078125 0.015625