0 0.1689453125 0.4609375 0.1748046875 0.1669921875
0 0.2890625 0.7470703125 0.203125 0.244140625
1 0.4541015625 0.4287109375 0.205078125 0.34375
0 0.1103515625 0.77734375 0.2138671875 0.2666015625
0 0.30078125 0.3642578125 0.1083984375 0.1201171875
1 0.517578125 0.7666015625 0.3125 0.4384765625
0 0.0751953125 0.6357421875 0.1455078125 0.248046875
0 0.6982421875 0.365234375 0.0595703125 0.1083984375
1 0.591796875 0.1884765625 0.09375 0.1318359375
2 0.361328125 0.2568359375 0.091796875 0.1767578125
0 0.673828125 0.2939453125 0.107421875 0.0927734375
1 0.4130859375 0.091796875 0.1201171875 0.1044921875
1 0.1640625 0.04296875 0.072265625 0.07421875
0 0.2958984375 0.5263671875 0.1259765625 0.1640625
0 0.5888671875 0.294921875 0.05078125 0.0888671875
0 0.61328125 0.349609375 0.056640625 0.0908203125
0 0.45703125 0.248046875 0.060546875 0.0791015625
0 0.5146484375 0.1982421875 0.05078125 0.076171875
2 0.3671875 0.1103515625 0.041015625 0.0732421875
0 0.4404296875 0.177734375 0.0693359375 0.083984375
0 0.5654296875 0.244140625 0.056640625 0.078125
0 0.84375 0.33984375 0.166015625 0.1123046875
0 0.2529296875 0.064453125 0.0361328125 0.0341796875
0 0.5283203125 0.142578125 0.044921875 0.0537109375
0 0.0400390625 0.04296875 0.041015625 0.03515625
0 0.4306640625 0.8974609375 0.1357421875 0.197265625
0 0.3740234375 0.021484375 0.01953125 0.0263671875
0 0.296875 0.095703125 0.04296875 0.0439453125
0 0.3359375 0.0927734375 0.041015625 0.060546875
3 0.6435546875 0.0966796875 0.009765625 0.02734375
1 0.28515625 0.0234375 0.0595703125 0.046875
2 0.9228515625 0.3076171875 0.154296875 0.2294921875
0 0.2705078125 0.08203125 0.0361328125 0.041015625
0 0.505859375 0.107421875 0.048828125 0.041015625
0 0.5341796875 0.1015625 0.0419921875 0.0361328125
0 0.5615234375 0.12890625 0.0390625 0.0361328125
0 0.5380859375 0.013671875 0.0244140625 0.0263671875
0 0.4345703125 0.0185546875 0.0263671875 0.03125