1 0.583984375 0.640625 0.36328125 0.66015625
0 0.591796875 0.310546875 0.052734375 0.0830078125
0 0.1923828125 0.46484375 0.1669921875 0.1611328125
0 0.6162109375 0.36328125 0.0556640625 0.0849609375
0 0.2939453125 0.7685546875 0.20703125 0.25
0 0.6005859375 0.4384765625 0.07421875 0.0859375
0 0.517578125 0.2158203125 0.048828125 0.0732421875
0 0.296875 0.5458984375 0.1259765625 0.162109375
0 0.111328125 0.7998046875 0.2177734375 0.2724609375
0 0.4580078125 0.263671875 0.05859375 0.0751953125
0 0.3046875 0.376953125 0.1044921875 0.11328125
0 0.47265625 0.2216796875 0.0458984375 0.0634765625
0 0.5673828125 0.2607421875 0.0576171875 0.080078125
0 0.375 0.15234375 0.041015625 0.0556640625
0 0.076171875 0.654296875 0.1494140625 0.23828125
0 0.533203125 0.158203125 0.05078125 0.052734375
0 0.4931640625 0.1611328125 0.0498046875 0.052734375
1 0.595703125 0.205078125 0.0947265625 0.1337890625
2 0.3623046875 0.2744140625 0.0927734375 0.171875
0 0.8427734375 0.357421875 0.162109375 0.1171875
0 0.6728515625 0.3037109375 0.107421875 0.087890625
0 0.201171875 0.080078125 0.041015625 0.0361328125
0 0.5625 0.1435546875 0.0419921875 0.029296875
1 0.4150390625 0.1123046875 0.1064453125 0.0986328125
0 0.248046875 0.0927734375 0.0458984375 0.0458984375
0 0.275390625 0.107421875 0.04296875 0.044921875
1 0.1533203125 0.0595703125 0.052734375 0.068359375
0 0.5107421875 0.125 0.0517578125 0.044921875
0 0.318359375 0.12109375 0.044921875 0.0439453125
0 0.3125 0.0986328125 0.0400390625 0.037109375
0 0.048828125 0.0625 0.029296875 0.0302734375
0 0.021484375 0.056640625 0.0419921875 0.03515625
2 0.35546875 0.1259765625 0.0458984375 0.0771484375
0 0.30859375 0.0546875 0.0263671875 0.0283203125
0 0.32421875 0.0810546875 0.0361328125 0.029296875
0 0.3701171875 0.0419921875 0.029296875 0.0341796875
0 0.5390625 0.119140625 0.0380859375 0.0361328125
0 0.1884765625 0.0458984375 0.0322265625 0.0419921875
0 0.5234375 0.2783203125 0.041015625 0.0244140625
0 0.44140625 0.04296875 0.0146484375 0.025390625
0 0.4052734375 0.212890625 0.0185546875 0.0498046875
0 0.541015625 0.0322265625 0.02734375 0.0263671875
0 0.236328125 0.017578125 0.0400390625 0.03125
0 0.4306640625 0.037109375 0.017578125 0.03125
3 0.77734375 0.3583984375 0.037109375 0.07421875
0 0.2470703125 0.0615234375 0.03515625 0.0263671875
0 0.1904296875 0.013671875 0.0380859375 0.02734375
0 0.2099609375 0.0517578125 0.0244140625 0.02734375
0 0.2197265625 0.095703125 0.029296875 0.033203125
0 0.34765625 0.0478515625 0.025390625 0.0302734375
0 0.232421875 0.0537109375 0.0283203125 0.0302734375
0 0.28125 0.0859375 0.0361328125 0.0263671875