1 0.6796875 0.541015625 0.2236328125 0.4541015625
0 0.5927734375 0.3251953125 0.056640625 0.083984375
0 0.595703125 0.458984375 0.0732421875 0.1025390625
0 0.533203125 0.5869140625 0.0703125 0.158203125
0 0.291015625 0.767578125 0.2080078125 0.234375
0 0.3173828125 0.3740234375 0.103515625 0.107421875
0 0.615234375 0.3779296875 0.05859375 0.0849609375
0 0.2998046875 0.5478515625 0.1201171875 0.1630859375
0 0.205078125 0.4609375 0.1630859375 0.1552734375
0 0.1083984375 0.8095703125 0.2158203125 0.271484375
0 0.5107421875 0.2216796875 0.05078125 0.0771484375
0 0.466796875 0.2578125 0.0556640625 0.0751953125
0 0.5673828125 0.2705078125 0.0576171875 0.080078125
0 0.45703125 0.2138671875 0.0478515625 0.0634765625
0 0.67578125 0.25390625 0.041015625 0.068359375
0 0.6357421875 0.162109375 0.0390625 0.0625
1 0.853515625 0.318359375 0.28125 0.2314453125
0 0.4404296875 0.16796875 0.0498046875 0.0556640625
0 0.45703125 0.298828125 0.05078125 0.05859375
0 0.509765625 0.1650390625 0.0595703125 0.0537109375
0 0.3896484375 0.1669921875 0.0546875 0.05859375
0 0.076171875 0.6650390625 0.146484375 0.2509765625
0 0.671875 0.150390625 0.03125 0.0517578125
0 0.275390625 0.1171875 0.0380859375 0.0439453125
1 0.583984375 0.205078125 0.0849609375 0.1240234375
0 0.3359375 0.1435546875 0.04296875 0.044921875
0 0.4189453125 0.2490234375 0.0205078125 0.0732421875
0 0.4609375 0.15625 0.04296875 0.0439453125
0 0.81640625 0.3701171875 0.07421875 0.09375
0 0.337890625 0.8349609375 0.458984375 0.3203125
0 0.298828125 0.1083984375 0.0390625 0.05078125
0 0.041015625 0.072265625 0.044921875 0.033203125
0 0.1689453125 0.083984375 0.044921875 0.033203125
0 0.2470703125 0.095703125 0.0361328125 0.037109375
0 0.5380859375 0.068359375 0.0283203125 0.0263671875
0 0.140625 0.0810546875 0.01953125 0.0302734375
1 0.7041015625 0.3271484375 0.0888671875 0.125
0 0.0087890625 0.05859375 0.017578125 0.029296875
0 0.2060546875 0.0966796875 0.0322265625 0.041015625
0 0.5107421875 0.1357421875 0.064453125 0.0458984375
0 0.306640625 0.0654296875 0.0380859375 0.0263671875
0 0.1787109375 0.017578125 0.0400390625 0.029296875
0 0.447265625 0.130859375 0.0283203125 0.033203125
0 0.2216796875 0.025390625 0.0458984375 0.0322265625
0 0.353515625 0.0556640625 0.0390625 0.02734375
0 0.5224609375 0.2880859375 0.0400390625 0.0224609375
0 0.328125 0.1220703125 0.0283203125 0.02734375
1 0.6357421875 0.0244140625 0.0439453125 0.044921875
0 0.5419921875 0.0439453125 0.02734375 0.0234375
0 0.173828125 0.0537109375 0.033203125 0.0380859375
0 0.0341796875 0.037109375 0.021484375 0.0244140625
0 0.435546875 0.0517578125 0.0263671875 0.0341796875
0 0.0556640625 0.0400390625 0.013671875 0.0263671875
1 0.5341796875 0.033203125 0.025390625 0.03125
1 0.3818359375 0.03515625 0.03515625 0.025390625
0 0.146484375 0.052734375 0.03125 0.0390625
1 0.5 0.04296875 0.0439453125 0.0517578125
1 0.4697265625 0.1171875 0.052734375 0.0517578125
0 0.4267578125 0.1142578125 0.0302734375 0.0625
0 0.3896484375 0.05859375 0.029296875 0.0322265625
0 0.408203125 0.2060546875 0.0166015625 0.0419921875
0 0.4111328125 0.5634765625 0.1142578125 0.1513671875
0 0.28515625 0.080078125 0.029296875 0.025390625