0 0.330078125 0.6171875 0.1728515625 0.1943359375
0 0.2255859375 0.5224609375 0.181640625 0.1630859375
0 0.56640625 0.5380859375 0.11328125 0.1708984375
0 0.0751953125 0.7587890625 0.1494140625 0.2626953125
0 0.376953125 0.3837890625 0.111328125 0.109375
1 0.6181640625 0.3134765625 0.115234375 0.2763671875
0 0.494140625 0.38671875 0.083984375 0.1181640625
0 0.2255859375 0.4130859375 0.13671875 0.1181640625
0 0.392578125 0.46484375 0.1220703125 0.146484375
0 0.1669921875 0.890625 0.3291015625 0.2158203125
0 0.43359375 0.294921875 0.0654296875 0.099609375
1 0.7470703125 0.32421875 0.091796875 0.205078125
3 0.4775390625 0.619140625 0.04296875 0.1201171875
0 0.5078125 0.29296875 0.05859375 0.09765625
0 0.5966796875 0.16796875 0.068359375 0.0673828125
0 0.466796875 0.201171875 0.0869140625 0.09375
1 0.431640625 0.1005859375 0.12109375 0.11328125
1 0.1787109375 0.048828125 0.111328125 0.0830078125
0 0.3798828125 0.2412109375 0.0517578125 0.0830078125
0 0.4560546875 0.248046875 0.05078125 0.07421875
0 0.5361328125 0.1484375 0.0595703125 0.0556640625
0 0.603515625 0.1259765625 0.052734375 0.048828125
2 0.3896484375 0.1318359375 0.041015625 0.078125
0 0.6162109375 0.0810546875 0.0234375 0.0390625
0 0.7001953125 0.044921875 0.025390625 0.03125
0 0.66015625 0.1435546875 0.0380859375 0.05078125
0 0.689453125 0.1064453125 0.0283203125 0.04296875
0 0.279296875 0.0966796875 0.044921875 0.04296875
0 0.33203125 0.03125 0.0400390625 0.03515625
0 0.353515625 0.099609375 0.04296875 0.056640625
0 0.029296875 0.0400390625 0.0439453125 0.04296875
0 0.333984375 0.119140625 0.0458984375 0.0478515625
0 0.26953125 0.072265625 0.0458984375 0.0361328125
0 0.646484375 0.0361328125 0.0361328125 0.0322265625
0 0.6513671875 0.115234375 0.0361328125 0.044921875
0 0.4267578125 0.01953125 0.0244140625 0.0263671875
0 0.3095703125 0.10546875 0.03125 0.0419921875
0 0.5390625 0.1044921875 0.0595703125 0.0517578125
0 0.3056640625 0.0791015625 0.0458984375 0.03515625
0 0.2900390625 0.0244140625 0.0498046875 0.0478515625
2 0.349609375 0.0224609375 0.0341796875 0.044921875
0 0.3828125 0.1943359375 0.0400390625 0.05859375
0 0.369140625 0.01953125 0.025390625 0.0390625
0 0.65234375 0.0234375 0.01953125 0.015625