1 0.5224609375 0.3212890625 0.1103515625 0.2431640625
1 0.685546875 0.5009765625 0.1953125 0.4248046875
0 0.44921875 0.505859375 0.11328125 0.1376953125
0 0.6083984375 0.3583984375 0.056640625 0.083984375
1 0.6484375 0.2197265625 0.119140625 0.173828125
0 0.337890625 0.4990234375 0.1279296875 0.1396484375
0 0.2041015625 0.6923828125 0.2216796875 0.2392578125
0 0.2607421875 0.3984375 0.1259765625 0.1318359375
0 0.451171875 0.330078125 0.0498046875 0.091796875
0 0.5966796875 0.453125 0.0703125 0.123046875
0 0.412109375 0.3955078125 0.0908203125 0.111328125
0 0.375 0.7021484375 0.1728515625 0.212890625
0 0.3515625 0.3232421875 0.0771484375 0.09375
1 0.5302734375 0.1669921875 0.0888671875 0.099609375
0 0.4697265625 0.220703125 0.0458984375 0.0654296875
0 0.3974609375 0.2666015625 0.0595703125 0.0908203125
0 0.123046875 0.5361328125 0.1767578125 0.2041015625
0 0.4365234375 0.1884765625 0.0400390625 0.0595703125
0 0.07421875 0.9189453125 0.1435546875 0.1591796875
0 0.4033203125 0.2265625 0.04296875 0.060546875
0 0.466796875 0.265625 0.0458984375 0.0634765625
0 0.4404296875 0.1318359375 0.0419921875 0.0498046875
0 0.4853515625 0.1904296875 0.0615234375 0.072265625
1 0.42578125 0.7802734375 0.431640625 0.4150390625
0 0.599609375 0.2939453125 0.041015625 0.0654296875
0 0.3291015625 0.126953125 0.052734375 0.06640625
0 0.4521484375 0.1552734375 0.04296875 0.0537109375
0 0.681640625 0.078125 0.0224609375 0.0341796875
0 0.1494140625 0.0810546875 0.044921875 0.0361328125
0 0.234375 0.0849609375 0.041015625 0.0380859375
1 0.7021484375 0.3173828125 0.083984375 0.119140625
0 0.0263671875 0.0595703125 0.04296875 0.033203125
0 0.6572265625 0.0869140625 0.01953125 0.0322265625
0 0.4921875 0.126953125 0.04296875 0.0380859375
0 0.2841796875 0.0986328125 0.0322265625 0.046875
0 0.3564453125 0.150390625 0.037109375 0.05078125
0 0.1962890625 0.080078125 0.04296875 0.0361328125
0 0.857421875 0.376953125 0.1396484375 0.0908203125
0 0.4765625 0.1591796875 0.0419921875 0.04296875
0 0.34765625 0.044921875 0.03125 0.029296875
0 0.42578125 0.1640625 0.0244140625 0.0458984375
0 0.515625 0.115234375 0.044921875 0.02734375
0 0.1650390625 0.0419921875 0.02734375 0.033203125
2 0.2939453125 0.0380859375 0.037109375 0.0498046875
0 0.373046875 0.046875 0.0244140625 0.0283203125
0 0.4658203125 0.1083984375 0.0537109375 0.0517578125
0 0.3662109375 0.1708984375 0.017578125 0.052734375
2 0.392578125 0.1640625 0.0458984375 0.1025390625
0 0.2119140625 0.0146484375 0.0478515625 0.02734375
0 0.3056640625 0.109375 0.0263671875 0.03125
3 0.65234375 0.1025390625 0.017578125 0.0458984375
0 0.326171875 0.046875 0.0302734375 0.01953125
0 0.1669921875 0.0107421875 0.037109375 0.021484375
0 0.4326171875 0.0439453125 0.025390625 0.03125
0 0.2587890625 0.03515625 0.05078125 0.052734375
0 0.138671875 0.04296875 0.0283203125 0.0380859375
0 0.0478515625 0.025390625 0.0185546875 0.0244140625
0 0.193359375 0.0478515625 0.033203125 0.033203125
0 0.5341796875 0.0380859375 0.0185546875 0.0234375