1 0.912109375 0.3193359375 0.173828125 0.21484375
1 0.580078125 0.646484375 0.3525390625 0.6357421875
0 0.5908203125 0.3173828125 0.060546875 0.0869140625
0 0.6181640625 0.373046875 0.05859375 0.091796875
0 0.5185546875 0.2236328125 0.0517578125 0.0771484375
0 0.6025390625 0.443359375 0.080078125 0.0830078125
0 0.466796875 0.2587890625 0.0537109375 0.0859375
0 0.3056640625 0.3837890625 0.10546875 0.11328125
0 0.1953125 0.4658203125 0.1689453125 0.1630859375
0 0.30078125 0.5517578125 0.1318359375 0.1630859375
0 0.2958984375 0.7666015625 0.2099609375 0.2353515625
0 0.111328125 0.8017578125 0.220703125 0.265625
0 0.681640625 0.2568359375 0.048828125 0.0810546875
0 0.5712890625 0.267578125 0.0576171875 0.08203125
0 0.0771484375 0.6533203125 0.1513671875 0.23046875
0 0.4697265625 0.197265625 0.05078125 0.06640625
0 0.3681640625 0.1513671875 0.0380859375 0.05078125
0 0.53515625 0.1650390625 0.048828125 0.0517578125
0 0.2880859375 0.1171875 0.0478515625 0.0400390625
0 0.4150390625 0.2568359375 0.02734375 0.07421875
0 0.7421875 0.32421875 0.1162109375 0.111328125
0 0.4951171875 0.171875 0.048828125 0.056640625
0 0.4111328125 0.185546875 0.064453125 0.0791015625
1 0.5966796875 0.2119140625 0.0947265625 0.1279296875
0 0.4501953125 0.171875 0.0380859375 0.05078125
0 0.146484375 0.0830078125 0.0283203125 0.033203125
0 0.29296875 0.8984375 0.3642578125 0.1962890625
0 0.5673828125 0.1533203125 0.041015625 0.03125
0 0.3251953125 0.1162109375 0.03125 0.044921875
0 0.2109375 0.0966796875 0.0458984375 0.037109375
0 0.53125 0.1259765625 0.041015625 0.0380859375
0 0.279296875 0.09765625 0.044921875 0.0390625
0 0.3095703125 0.0625 0.033203125 0.029296875
0 0.52734375 0.2861328125 0.04296875 0.0263671875
0 0.5068359375 0.1337890625 0.0517578125 0.044921875
0 0.017578125 0.0595703125 0.03515625 0.037109375
0 0.193359375 0.0830078125 0.04296875 0.033203125
0 0.2412109375 0.08984375 0.041015625 0.0341796875
2 0.3427734375 0.125 0.0517578125 0.0693359375
0 0.369140625 0.0498046875 0.0380859375 0.03515625
0 0.3251953125 0.087890625 0.033203125 0.0263671875
0 0.2861328125 0.078125 0.0361328125 0.029296875
0 0.1884765625 0.015625 0.0400390625 0.0283203125
0 0.4423828125 0.0498046875 0.0185546875 0.029296875
0 0.234375 0.021484375 0.041015625 0.029296875
0 0.189453125 0.0498046875 0.041015625 0.0390625
0 0.3466796875 0.0576171875 0.0244140625 0.0302734375
0 0.1611328125 0.080078125 0.029296875 0.029296875
0 0.5439453125 0.041015625 0.0263671875 0.0263671875
1 0.6376953125 0.021484375 0.044921875 0.04296875
0 0.3984375 0.287109375 0.029296875 0.09375
0 0.2724609375 0.0400390625 0.0419921875 0.0478515625
0 0.1572265625 0.0498046875 0.0322265625 0.037109375
0 0.4150390625 0.390625 0.0966796875 0.1708984375
0 0.4345703125 0.3232421875 0.0478515625 0.0380859375
0 0.4111328125 0.5390625 0.1064453125 0.1748046875