1 0.5849609375 0.39453125 0.185546875 0.361328125
1 0.455078125 0.109375 0.130859375 0.1162109375
1 0.75390625 0.361328125 0.0849609375 0.2236328125
1 0.2021484375 0.0537109375 0.1123046875 0.08984375
0 0.4228515625 0.3173828125 0.0771484375 0.1044921875
0 0.251953125 0.4853515625 0.1474609375 0.1513671875
0 0.0458984375 0.85546875 0.0908203125 0.2236328125
0 0.3466796875 0.3017578125 0.0751953125 0.09375
0 0.271484375 0.689453125 0.2392578125 0.22265625
0 0.384765625 0.1796875 0.0390625 0.0625
0 0.603515625 0.13671875 0.056640625 0.0556640625
0 0.453125 0.419921875 0.091796875 0.1279296875
0 0.3515625 0.103515625 0.0517578125 0.0615234375
0 0.4482421875 0.1923828125 0.041015625 0.068359375
0 0.4951171875 0.3251953125 0.0576171875 0.080078125
0 0.4541015625 0.2509765625 0.0478515625 0.0712890625
0 0.3427734375 0.513671875 0.16015625 0.15625
0 0.3779296875 0.220703125 0.046875 0.0751953125
2 0.3935546875 0.1396484375 0.033203125 0.08203125
0 0.5439453125 0.17578125 0.072265625 0.0751953125
0 0.685546875 0.1943359375 0.0361328125 0.060546875
0 0.6630859375 0.060546875 0.0234375 0.0390625
0 0.6611328125 0.12890625 0.033203125 0.0498046875
0 0.1298828125 0.0595703125 0.0283203125 0.037109375
0 0.3310546875 0.021484375 0.0322265625 0.02734375
0 0.3134765625 0.1083984375 0.0380859375 0.046875
0 0.53125 0.037109375 0.02734375 0.0263671875
0 0.3349609375 0.03515625 0.0380859375 0.0283203125
0 0.685546875 0.0419921875 0.0322265625 0.0263671875
0 0.5048828125 0.22265625 0.0986328125 0.0986328125
0 0.0166015625 0.0390625 0.033203125 0.04296875
0 0.685546875 0.1025390625 0.0263671875 0.0302734375
0 0.6435546875 0.0400390625 0.0322265625 0.025390625
0 0.3271484375 0.0673828125 0.037109375 0.029296875
0 0.30859375 0.0810546875 0.0380859375 0.03515625
0 0.291015625 0.0234375 0.05078125 0.046875
0 0.0146484375 0.681640625 0.029296875 0.1064453125
3 0.4404296875 0.166015625 0.0244140625 0.0625
0 0.4462890625 0.74609375 0.197265625 0.240234375
0 0.685546875 0.115234375 0.029296875 0.0458984375
0 0.69921875 0.306640625 0.037109375 0.078125