1 0.443359375 0.4580078125 0.21484375 0.353515625
0 0.1689453125 0.47265625 0.1748046875 0.1650390625
0 0.1142578125 0.78515625 0.2197265625 0.267578125
0 0.2880859375 0.3876953125 0.1103515625 0.115234375
0 0.0751953125 0.6484375 0.146484375 0.240234375
1 0.58984375 0.1962890625 0.0966796875 0.1259765625
2 0.349609375 0.279296875 0.099609375 0.1875
0 0.68359375 0.306640625 0.111328125 0.0927734375
0 0.279296875 0.5498046875 0.1181640625 0.1669921875
0 0.69921875 0.375 0.060546875 0.1083984375
1 0.404296875 0.1025390625 0.109375 0.1044921875
1 0.1689453125 0.0546875 0.0849609375 0.080078125
0 0.455078125 0.2548828125 0.060546875 0.0771484375
0 0.6123046875 0.359375 0.0556640625 0.0849609375
2 0.3671875 0.1220703125 0.0419921875 0.0703125
0 0.515625 0.2080078125 0.0517578125 0.076171875
0 0.587890625 0.306640625 0.052734375 0.083984375
0 0.8720703125 0.3515625 0.2041015625 0.115234375
1 0.2783203125 0.0283203125 0.048828125 0.052734375
0 0.5302734375 0.1513671875 0.05078125 0.052734375
0 0.490234375 0.15625 0.048828125 0.052734375
0 0.466796875 0.2158203125 0.0419921875 0.056640625
0 0.251953125 0.078125 0.0400390625 0.0361328125
0 0.2958984375 0.1083984375 0.0419921875 0.04296875
0 0.51953125 0.2880859375 0.0478515625 0.0625
0 0.267578125 0.095703125 0.0302734375 0.0419921875
2 0.3212890625 0.0263671875 0.041015625 0.052734375
0 0.2822265625 0.0869140625 0.0380859375 0.0400390625
0 0.4775390625 0.181640625 0.0380859375 0.064453125
0 0.3359375 0.0947265625 0.029296875 0.03515625
0 0.5380859375 0.025390625 0.02734375 0.0263671875
0 0.5078125 0.1171875 0.0546875 0.0439453125
0 0.5634765625 0.1376953125 0.0400390625 0.0302734375
0 0.3310546875 0.1201171875 0.0361328125 0.041015625
0 0.044921875 0.052734375 0.033203125 0.0419921875
0 0.4384765625 0.0361328125 0.0166015625 0.025390625
0 0.3984375 0.2138671875 0.0302734375 0.05859375
0 0.021484375 0.0537109375 0.04296875 0.044921875
0 0.2275390625 0.01171875 0.037109375 0.0234375