0 0.29296875 0.40234375 0.111328125 0.115234375
0 0.1708984375 0.4892578125 0.173828125 0.1630859375
0 0.3798828125 0.4541015625 0.1220703125 0.1259765625
0 0.498046875 0.4287109375 0.11328125 0.169921875
0 0.6044921875 0.4765625 0.0859375 0.1201171875
0 0.7001953125 0.34765625 0.123046875 0.0986328125
0 0.2919921875 0.5810546875 0.150390625 0.1669921875
0 0.4423828125 0.3662109375 0.0849609375 0.09765625
0 0.1357421875 0.806640625 0.2666015625 0.37109375
0 0.4560546875 0.291015625 0.064453125 0.080078125
0 0.7041015625 0.416015625 0.0615234375 0.1103515625
1 0.5986328125 0.2275390625 0.0908203125 0.1279296875
0 0.5927734375 0.3369140625 0.0556640625 0.0859375
2 0.353515625 0.2998046875 0.0927734375 0.1748046875
0 0.52734375 0.361328125 0.064453125 0.0849609375
1 0.1767578125 0.0751953125 0.0849609375 0.0791015625
0 0.6162109375 0.388671875 0.056640625 0.0849609375
1 0.41015625 0.1298828125 0.1083984375 0.1015625
0 0.5654296875 0.287109375 0.05859375 0.0830078125
0 0.0751953125 0.6015625 0.1435546875 0.12109375
2 0.380859375 0.15234375 0.041015625 0.072265625
1 0.0361328125 0.0322265625 0.0556640625 0.0380859375
1 0.3583984375 0.0517578125 0.07421875 0.056640625
0 0.2021484375 0.02734375 0.0390625 0.0322265625
0 0.8330078125 0.3837890625 0.08984375 0.0908203125
0 0.53515625 0.1796875 0.0498046875 0.052734375
0 0.4521484375 0.220703125 0.0751953125 0.0810546875
1 0.7353515625 0.064453125 0.021484375 0.0419921875
1 0.298828125 0.0537109375 0.052734375 0.0546875
0 0.2451171875 0.0341796875 0.04296875 0.0322265625
0 0.513671875 0.1484375 0.0576171875 0.0439453125
0 0.2890625 0.115234375 0.0478515625 0.0478515625
0 0.34375 0.134765625 0.0419921875 0.060546875
0 0.388671875 0.1953125 0.0361328125 0.046875
0 0.494140625 0.1787109375 0.0439453125 0.04296875
0 0.2509765625 0.1083984375 0.05078125 0.0458984375
0 0.6982421875 0.08984375 0.0166015625 0.0244140625
0 0.517578125 0.2412109375 0.046875 0.0751953125
0 0.70703125 0.0830078125 0.0146484375 0.021484375
0 0.66796875 0.091796875 0.02734375 0.037109375
0 0.302734375 0.1328125 0.04296875 0.044921875
0 0.693359375 0.0791015625 0.0205078125 0.0224609375
0 0.5654296875 0.1689453125 0.0439453125 0.03125
0 0.4462890625 0.0634765625 0.0166015625 0.02734375
0 0.318359375 0.115234375 0.0390625 0.041015625
0 0.0283203125 0.0751953125 0.05078125 0.03515625
0 0.1181640625 0.5087890625 0.0712890625 0.10546875
0 0.515625 0.2060546875 0.04296875 0.05078125
0 0.3349609375 0.1044921875 0.0341796875 0.03515625
1 0.5517578125 0.0458984375 0.03125 0.037109375
0 0.4013671875 0.232421875 0.0302734375 0.044921875
0 0.431640625 0.0576171875 0.01171875 0.0224609375