1 0.6044921875 0.7392578125 0.2998046875 0.5029296875
1 0.2138671875 0.064453125 0.1083984375 0.087890625
0 0.400390625 0.34765625 0.083984375 0.1123046875
0 0.2861328125 0.5400390625 0.12109375 0.173828125
0 0.44140625 0.2861328125 0.0595703125 0.083984375
0 0.1435546875 0.7822265625 0.283203125 0.279296875
0 0.375 0.2080078125 0.0419921875 0.064453125
0 0.4453125 0.205078125 0.056640625 0.0595703125
1 0.376953125 0.0869140625 0.078125 0.07421875
0 0.291015625 0.3603515625 0.1015625 0.11328125
0 0.6640625 0.111328125 0.03515625 0.0537109375
1 0.4794921875 0.1162109375 0.119140625 0.1201171875
0 0.3642578125 0.25390625 0.0576171875 0.0849609375
0 0.08984375 0.6875 0.1767578125 0.1650390625
0 0.01953125 0.046875 0.0390625 0.04296875
2 0.38671875 0.1640625 0.0361328125 0.0869140625
0 0.6064453125 0.1357421875 0.056640625 0.0517578125
1 0.2841796875 0.025390625 0.0498046875 0.05078125
0 0.341796875 0.029296875 0.037109375 0.037109375
0 0.5732421875 0.2451171875 0.1064453125 0.091796875
0 0.603515625 0.1796875 0.0703125 0.060546875
0 0.34765625 0.1357421875 0.033203125 0.0537109375
0 0.4892578125 0.3447265625 0.0615234375 0.076171875
0 0.4697265625 0.2470703125 0.05078125 0.0771484375
0 0.314453125 0.119140625 0.041015625 0.0478515625
0 0.408203125 0.41796875 0.091796875 0.0908203125
0 0.6572265625 0.30859375 0.0478515625 0.080078125
0 0.3017578125 0.0859375 0.041015625 0.04296875
0 0.1298828125 0.0654296875 0.0439453125 0.0361328125
0 0.673828125 0.1611328125 0.0458984375 0.0576171875
0 0.7666015625 0.328125 0.1279296875 0.0947265625
0 0.6474609375 0.052734375 0.0234375 0.03125
1 0.1640625 0.0419921875 0.0380859375 0.0537109375
0 0.55859375 0.294921875 0.0576171875 0.052734375
0 0.3232421875 0.0869140625 0.0390625 0.044921875
0 0.927734375 0.3515625 0.1357421875 0.0908203125
0 0.5439453125 0.2177734375 0.064453125 0.060546875
2 0.37109375 0.021484375 0.0302734375 0.04296875
0 0.1259765625 0.041015625 0.0361328125 0.02734375
0 0.3203125 0.03125 0.0263671875 0.02734375