0 0.400390625 0.5205078125 0.1689453125 0.197265625
0 0.486328125 0.4140625 0.0849609375 0.111328125
0 0.2978515625 0.4912109375 0.12890625 0.146484375
0 0.408203125 0.3857421875 0.1025390625 0.0966796875
0 0.22265625 0.4482421875 0.130859375 0.1337890625
0 0.1806640625 0.8837890625 0.298828125 0.232421875
0 0.58203125 0.4580078125 0.076171875 0.1259765625
0 0.71875 0.3603515625 0.1298828125 0.1044921875
1 0.6533203125 0.119140625 0.0458984375 0.099609375
0 0.4462890625 0.3056640625 0.06640625 0.080078125
0 0.1396484375 0.744140625 0.244140625 0.23046875
2 0.3203125 0.3173828125 0.107421875 0.189453125
1 0.1708984375 0.0712890625 0.087890625 0.080078125
0 0.5625 0.2900390625 0.0498046875 0.087890625
0 0.51953125 0.345703125 0.064453125 0.1025390625
1 0.4169921875 0.1279296875 0.119140625 0.10546875
0 0.392578125 0.2900390625 0.04296875 0.080078125
0 0.5849609375 0.1875 0.05859375 0.0546875
0 0.0478515625 0.578125 0.095703125 0.1376953125
0 0.5224609375 0.2470703125 0.044921875 0.0859375
1 0.3515625 0.048828125 0.0810546875 0.056640625
0 0.4482421875 0.2177734375 0.080078125 0.08203125
0 0.6416015625 0.22265625 0.03515625 0.05859375
0 0.537109375 0.1796875 0.0498046875 0.052734375
1 0.66015625 0.07421875 0.033203125 0.02734375
2 0.3837890625 0.1552734375 0.0439453125 0.0732421875
1 0.044921875 0.0302734375 0.0302734375 0.0419921875
0 0.25390625 0.099609375 0.0458984375 0.041015625
0 0.6328125 0.2744140625 0.044921875 0.080078125
0 0.658203125 0.1953125 0.033203125 0.0576171875
0 0.46484375 0.2646484375 0.0419921875 0.0712890625
1 0.2880859375 0.0498046875 0.0517578125 0.0537109375
0 0.0283203125 0.7197265625 0.056640625 0.150390625
0 0.240234375 0.03125 0.04296875 0.0322265625
0 0.5322265625 0.1513671875 0.0537109375 0.0390625
0 0.1962890625 0.021484375 0.0380859375 0.03125
0 0.033203125 0.064453125 0.052734375 0.0419921875
0 0.3193359375 0.140625 0.04296875 0.044921875
0 0.2890625 0.1220703125 0.0419921875 0.044921875
0 0.3876953125 0.2138671875 0.0400390625 0.0615234375
0 0.57421875 0.1533203125 0.052734375 0.037109375
0 0.294921875 0.10546875 0.041015625 0.0302734375
0 0.3447265625 0.138671875 0.03125 0.0546875
0 0.32421875 0.103515625 0.037109375 0.0302734375
3 0.576171875 0.11328125 0.0224609375 0.041015625