0 0.1103515625 0.7802734375 0.220703125 0.26953125
0 0.171875 0.4619140625 0.1748046875 0.1669921875
1 0.455078125 0.44140625 0.205078125 0.3427734375
0 0.2236328125 0.8515625 0.259765625 0.2900390625
0 0.2919921875 0.3759765625 0.11328125 0.115234375
0 0.0771484375 0.6455078125 0.1494140625 0.2431640625
1 0.5966796875 0.1943359375 0.091796875 0.12890625
2 0.353515625 0.267578125 0.0966796875 0.1806640625
0 0.68359375 0.3037109375 0.1162109375 0.09375
0 0.7021484375 0.3681640625 0.060546875 0.1064453125
1 0.4091796875 0.0986328125 0.1064453125 0.1015625
0 0.2958984375 0.5361328125 0.1240234375 0.1630859375
1 0.1728515625 0.0498046875 0.0869140625 0.0771484375
0 0.6142578125 0.35546875 0.0556640625 0.087890625
0 0.4580078125 0.2509765625 0.0595703125 0.0751953125
0 0.59375 0.3037109375 0.0556640625 0.0859375
2 0.3701171875 0.1171875 0.04296875 0.0712890625
0 0.5693359375 0.244140625 0.0576171875 0.078125
0 0.5185546875 0.2060546875 0.052734375 0.0771484375
0 0.8505859375 0.3486328125 0.1591796875 0.107421875
0 0.533203125 0.1484375 0.0478515625 0.0556640625
1 0.2802734375 0.0234375 0.0458984375 0.0458984375
0 0.26171875 0.087890625 0.0439453125 0.046875
0 0.4404296875 0.1845703125 0.0693359375 0.0849609375
0 0.49609375 0.1513671875 0.0478515625 0.0498046875
0 0.544921875 0.0205078125 0.02734375 0.0244140625
0 0.298828125 0.1025390625 0.04296875 0.0419921875
0 0.525390625 0.267578125 0.0400390625 0.0263671875
0 0.3359375 0.115234375 0.0380859375 0.0419921875
0 0.119140625 0.482421875 0.0751953125 0.1103515625
0 0.35546875 0.03515625 0.03515625 0.033203125
0 0.537109375 0.1083984375 0.0400390625 0.0380859375
0 0.400390625 0.2060546875 0.0341796875 0.056640625
0 0.5068359375 0.1142578125 0.0458984375 0.0390625
0 0.564453125 0.1328125 0.0419921875 0.03125
0 0.0458984375 0.0458984375 0.033203125 0.033203125
0 0.443359375 0.0244140625 0.013671875 0.01953125
0 0.3330078125 0.0927734375 0.0361328125 0.0390625
0 0.345703125 0.0400390625 0.0146484375 0.0205078125
0 0.3115234375 0.04296875 0.025390625 0.029296875