1 0.576171875 0.240234375 0.0986328125 0.1728515625
1 0.69140625 0.49609375 0.1787109375 0.4072265625
0 0.517578125 0.4609375 0.0859375 0.1376953125
0 0.57421875 0.4033203125 0.0869140625 0.1015625
0 0.3984375 0.55078125 0.1787109375 0.177734375
0 0.1953125 0.8134765625 0.2578125 0.3046875
0 0.4765625 0.3291015625 0.0791015625 0.09375
0 0.5400390625 0.34375 0.0673828125 0.09375
0 0.3544921875 0.4912109375 0.119140625 0.1240234375
0 0.275390625 0.392578125 0.119140625 0.1240234375
0 0.4208984375 0.392578125 0.087890625 0.109375
0 0.35546875 0.3291015625 0.08203125 0.0966796875
0 0.4033203125 0.2646484375 0.05859375 0.09375
0 0.1748046875 0.4892578125 0.1572265625 0.1826171875
0 0.6650390625 0.24609375 0.044921875 0.06640625
0 0.486328125 0.2685546875 0.068359375 0.0673828125
0 0.5791015625 0.5009765625 0.0791015625 0.12890625
1 0.5771484375 0.154296875 0.1171875 0.1181640625
0 0.1923828125 0.654296875 0.2099609375 0.181640625
0 0.4375 0.1943359375 0.041015625 0.0615234375
1 0.43359375 0.7822265625 0.4326171875 0.4111328125
0 0.5009765625 0.2138671875 0.060546875 0.0908203125
1 0.908203125 0.3515625 0.17578125 0.169921875
0 0.4384765625 0.1416015625 0.04296875 0.05078125
0 0.244140625 0.09765625 0.060546875 0.0458984375
0 0.0390625 0.861328125 0.0751953125 0.1875
0 0.4755859375 0.169921875 0.044921875 0.0537109375
1 0.7021484375 0.3154296875 0.08203125 0.1181640625
0 0.1796875 0.083984375 0.0439453125 0.0361328125
0 0.3603515625 0.158203125 0.0341796875 0.0517578125
0 0.06640625 0.6669921875 0.1298828125 0.1943359375
0 0.044921875 0.0703125 0.041015625 0.033203125
0 0.353515625 0.05859375 0.0361328125 0.0224609375
1 0.5341796875 0.16015625 0.0830078125 0.072265625
0 0.4736328125 0.224609375 0.046875 0.0703125
0 0.1474609375 0.078125 0.0361328125 0.033203125
0 0.328125 0.1318359375 0.0576171875 0.0625
0 0.373046875 0.177734375 0.0234375 0.0537109375
0 0.21875 0.0546875 0.0380859375 0.0341796875
0 0.3017578125 0.115234375 0.0380859375 0.03515625
0 0.494140625 0.134765625 0.0478515625 0.0400390625
0 0.3134765625 0.052734375 0.0341796875 0.0185546875
0 0.2587890625 0.060546875 0.044921875 0.0322265625
0 0.4306640625 0.1669921875 0.0244140625 0.044921875
0 0.7861328125 0.326171875 0.0947265625 0.10546875
0 0.4345703125 0.0517578125 0.0205078125 0.03125
0 0.1474609375 0.013671875 0.0361328125 0.0263671875
0 0.4091796875 0.2275390625 0.0419921875 0.0517578125
0 0.1845703125 0.03125 0.0478515625 0.046875
0 0.0263671875 0.5654296875 0.052734375 0.044921875
0 0.2919921875 0.048828125 0.0146484375 0.0205078125
0 0.115234375 0.857421875 0.11328125 0.1982421875
0 0.025390625 0.064453125 0.0263671875 0.0263671875
1 0.3759765625 0.0361328125 0.05078125 0.033203125
0 0.341796875 0.052734375 0.0234375 0.017578125
1 0.009765625 0.0537109375 0.0185546875 0.04296875
0 0.447265625 0.0478515625 0.013671875 0.021484375
1 0.544921875 0.04296875 0.0322265625 0.033203125
0 0.041015625 0.0361328125 0.0361328125 0.0322265625