0 0.40234375 0.6865234375 0.1884765625 0.205078125
0 0.3037109375 0.48828125 0.1240234375 0.140625
0 0.2626953125 0.416015625 0.1220703125 0.1171875
0 0.419921875 0.4951171875 0.1611328125 0.1875
0 0.7041015625 0.3486328125 0.1279296875 0.1025390625
0 0.4970703125 0.39453125 0.0830078125 0.107421875
0 0.416015625 0.3779296875 0.1005859375 0.095703125
0 0.07421875 0.5546875 0.146484375 0.173828125
0 0.2021484375 0.673828125 0.2060546875 0.2119140625
1 0.6494140625 0.1025390625 0.0439453125 0.087890625
0 0.5927734375 0.3876953125 0.0576171875 0.107421875
0 0.451171875 0.298828125 0.06640625 0.09765625
2 0.33984375 0.30078125 0.09765625 0.185546875
0 0.57421875 0.265625 0.05078125 0.0830078125
0 0.0390625 0.7060546875 0.0771484375 0.16796875
1 0.17578125 0.06640625 0.091796875 0.080078125
0 0.529296875 0.3251953125 0.0634765625 0.0986328125
1 0.6884765625 0.07421875 0.03515625 0.0498046875
2 0.3857421875 0.1494140625 0.044921875 0.072265625
1 0.4208984375 0.123046875 0.1220703125 0.1064453125
0 0.5224609375 0.236328125 0.0458984375 0.072265625
0 0.4501953125 0.212890625 0.0791015625 0.08203125
0 0.5869140625 0.1787109375 0.0546875 0.0517578125
0 0.5380859375 0.173828125 0.05078125 0.0537109375
0 0.5703125 0.14453125 0.0458984375 0.0400390625
0 0.2548828125 0.08984375 0.0400390625 0.033203125
1 0.35546875 0.0439453125 0.076171875 0.0625
0 0.662109375 0.171875 0.029296875 0.052734375
0 0.2412109375 0.0234375 0.0439453125 0.0322265625
0 0.310546875 0.0546875 0.0263671875 0.0419921875
0 0.5263671875 0.1455078125 0.052734375 0.0439453125
0 0.1982421875 0.017578125 0.0390625 0.0322265625
0 0.646484375 0.19921875 0.033203125 0.0537109375
1 0.0478515625 0.0224609375 0.029296875 0.0400390625
0 0.392578125 0.2265625 0.037109375 0.0478515625
0 0.29296875 0.1005859375 0.037109375 0.03515625
0 0.3212890625 0.1328125 0.04296875 0.0439453125
0 0.8935546875 0.41015625 0.1494140625 0.091796875
0 0.3095703125 0.11328125 0.041015625 0.041015625
0 0.0322265625 0.0625 0.060546875 0.037109375
3 0.623046875 0.130859375 0.0126953125 0.0400390625
0 0.6533203125 0.236328125 0.0380859375 0.0673828125
0 0.279296875 0.1142578125 0.0400390625 0.0419921875
0 0.2802734375 0.0302734375 0.0361328125 0.0263671875
0 0.3291015625 0.09375 0.0341796875 0.0322265625
1 0.14453125 0.0205078125 0.0361328125 0.029296875
0 0.4375 0.0517578125 0.025390625 0.0244140625