1 0.248046875 0.708984375 0.47265625 0.533203125
0 0.294921875 0.4140625 0.11328125 0.11328125
0 0.1728515625 0.4931640625 0.173828125 0.14453125
2 0.3564453125 0.3095703125 0.0986328125 0.1767578125
0 0.4423828125 0.3740234375 0.087890625 0.1015625
0 0.7001953125 0.349609375 0.1259765625 0.0986328125
0 0.607421875 0.4853515625 0.0849609375 0.1171875
1 0.5966796875 0.2353515625 0.0947265625 0.1298828125
0 0.705078125 0.4140625 0.0625 0.107421875
0 0.5947265625 0.34765625 0.0556640625 0.0869140625
1 0.1767578125 0.087890625 0.080078125 0.0771484375
0 0.45703125 0.298828125 0.0634765625 0.078125
0 0.4990234375 0.4423828125 0.1103515625 0.1767578125
1 0.4150390625 0.1376953125 0.1162109375 0.0986328125
0 0.6171875 0.39453125 0.056640625 0.0908203125
0 0.52734375 0.36328125 0.0595703125 0.0869140625
2 0.3759765625 0.1591796875 0.0439453125 0.0693359375
0 0.521484375 0.2470703125 0.046875 0.0810546875
0 0.5654296875 0.2900390625 0.0595703125 0.0830078125
0 0.4716796875 0.267578125 0.0439453125 0.0693359375
1 0.3564453125 0.0625 0.0751953125 0.0556640625
0 0.4443359375 0.224609375 0.0654296875 0.083984375
1 0.2958984375 0.0673828125 0.0537109375 0.056640625
0 0.2880859375 0.1328125 0.033203125 0.04296875
0 0.53515625 0.1865234375 0.0498046875 0.0517578125
0 0.2529296875 0.119140625 0.0498046875 0.046875
0 0.8955078125 0.4013671875 0.1943359375 0.1171875
0 0.56640625 0.177734375 0.04296875 0.0380859375
0 0.44140625 0.0712890625 0.0224609375 0.029296875
0 0.69921875 0.09765625 0.021484375 0.03125
0 0.2021484375 0.0390625 0.0390625 0.0341796875
0 0.3037109375 0.142578125 0.0419921875 0.0439453125
0 0.037109375 0.677734375 0.07421875 0.24609375
0 0.2451171875 0.0439453125 0.04296875 0.0302734375
0 0.5126953125 0.1552734375 0.05078125 0.0439453125
0 0.3408203125 0.1552734375 0.0380859375 0.0419921875
0 0.51953125 0.203125 0.041015625 0.0380859375
0 0.71875 0.0849609375 0.021484375 0.0244140625
0 0.0322265625 0.087890625 0.052734375 0.0361328125
0 0.3369140625 0.12890625 0.0380859375 0.0439453125
0 0.5458984375 0.0625 0.029296875 0.0263671875
0 0.8291015625 0.38671875 0.0810546875 0.0927734375
0 0.544921875 0.150390625 0.0341796875 0.0322265625
0 0.404296875 0.25 0.0322265625 0.0634765625