1 0.5751953125 0.240234375 0.0966796875 0.171875
1 0.6875 0.5048828125 0.1904296875 0.4111328125
0 0.615234375 0.3623046875 0.056640625 0.0986328125
0 0.513671875 0.4609375 0.083984375 0.138671875
0 0.5703125 0.404296875 0.0888671875 0.1005859375
0 0.474609375 0.3291015625 0.0791015625 0.0927734375
0 0.396484375 0.5546875 0.177734375 0.1787109375
0 0.3505859375 0.4833984375 0.1181640625 0.1220703125
0 0.5390625 0.3427734375 0.0673828125 0.0888671875
0 0.1826171875 0.8203125 0.2646484375 0.31640625
0 0.353515625 0.330078125 0.083984375 0.0986328125
0 0.4189453125 0.3935546875 0.087890625 0.111328125
0 0.2734375 0.400390625 0.1201171875 0.1259765625
1 0.5810546875 0.1552734375 0.119140625 0.1240234375
0 0.40234375 0.265625 0.0595703125 0.091796875
0 0.484375 0.2685546875 0.0673828125 0.06640625
0 0.4736328125 0.224609375 0.0478515625 0.072265625
0 0.5771484375 0.5048828125 0.080078125 0.125
0 0.4375 0.1953125 0.0400390625 0.0615234375
0 0.1669921875 0.6748046875 0.224609375 0.197265625
0 0.173828125 0.4931640625 0.158203125 0.193359375
0 0.4990234375 0.2119140625 0.0634765625 0.0869140625
1 0.43359375 0.7822265625 0.4326171875 0.4130859375
0 0.2841796875 0.1044921875 0.0400390625 0.0478515625
1 0.7021484375 0.318359375 0.0859375 0.123046875
0 0.2646484375 0.09765625 0.0400390625 0.0439453125
0 0.23046875 0.0908203125 0.041015625 0.037109375
0 0.4775390625 0.169921875 0.0439453125 0.0537109375
0 0.44140625 0.142578125 0.04296875 0.056640625
0 0.408203125 0.2314453125 0.0439453125 0.0615234375
0 0.359375 0.1591796875 0.0361328125 0.05078125
0 0.06640625 0.6748046875 0.12890625 0.2109375
1 0.0361328125 0.0517578125 0.05078125 0.0625
0 0.1474609375 0.0771484375 0.0361328125 0.0341796875
0 0.3515625 0.056640625 0.041015625 0.025390625
0 0.1806640625 0.083984375 0.044921875 0.0341796875
0 0.33203125 0.1328125 0.0537109375 0.0625
1 0.5341796875 0.1650390625 0.0810546875 0.080078125
0 0.4931640625 0.134765625 0.0439453125 0.041015625
0 0.4287109375 0.171875 0.025390625 0.0517578125
0 0.6796875 0.2724609375 0.0595703125 0.044921875
0 0.4326171875 0.052734375 0.021484375 0.0302734375
0 0.8291015625 0.3408203125 0.0869140625 0.0859375
0 0.3291015625 0.0478515625 0.0283203125 0.021484375
0 0.2568359375 0.0625 0.04296875 0.0302734375
0 0.2998046875 0.05078125 0.0361328125 0.029296875
0 0.9423828125 0.4033203125 0.1005859375 0.0634765625
1 0.3759765625 0.041015625 0.048828125 0.044921875
0 0.173828125 0.015625 0.044921875 0.029296875
0 0.5078125 0.12109375 0.0322265625 0.0234375
1 0.4658203125 0.115234375 0.052734375 0.0498046875
1 0.21484375 0.0361328125 0.044921875 0.05078125
0 0.5458984375 0.0419921875 0.029296875 0.02734375
0 0.0244140625 0.0625 0.013671875 0.03515625
0 0.025390625 0.5654296875 0.05078125 0.044921875