0 0.4228515625 0.486328125 0.1123046875 0.1416015625
0 0.2470703125 0.658203125 0.2412109375 0.2763671875
0 0.396484375 0.38671875 0.1064453125 0.1162109375
0 0.2890625 0.4814453125 0.16015625 0.119140625
0 0.09765625 0.6298828125 0.1572265625 0.205078125
3 0.0263671875 0.556640625 0.05078125 0.107421875
0 0.5439453125 0.4462890625 0.0869140625 0.123046875
0 0.4384765625 0.29296875 0.0625 0.0927734375
0 0.5419921875 0.3056640625 0.064453125 0.0927734375
0 0.4853515625 0.373046875 0.078125 0.1220703125
0 0.375 0.2822265625 0.05859375 0.0849609375
1 0.1796875 0.0615234375 0.11328125 0.0859375
1 0.634765625 0.2421875 0.072265625 0.19921875
0 0.53515625 0.220703125 0.064453125 0.0693359375
0 0.6162109375 0.3671875 0.05859375 0.1083984375
1 0.416015625 0.1142578125 0.115234375 0.103515625
0 0.453125 0.2060546875 0.080078125 0.083984375
1 0.7099609375 0.2275390625 0.056640625 0.1455078125
0 0.4599609375 0.2529296875 0.0458984375 0.0771484375
0 0.5166015625 0.1796875 0.064453125 0.05078125
2 0.1953125 0.373046875 0.150390625 0.23828125
1 0.3623046875 0.029296875 0.060546875 0.0556640625
0 0.341796875 0.1123046875 0.041015625 0.052734375
0 0.3837890625 0.2333984375 0.0458984375 0.064453125
0 0.58203125 0.1650390625 0.0556640625 0.052734375
0 0.3232421875 0.1279296875 0.0439453125 0.046875
2 0.388671875 0.1474609375 0.0439453125 0.078125
0 0.515625 0.2548828125 0.044921875 0.080078125
0 0.6474609375 0.0888671875 0.0234375 0.03125
0 0.30078125 0.0888671875 0.037109375 0.0283203125
1 0.2939453125 0.037109375 0.0615234375 0.05859375
0 0.6923828125 0.1396484375 0.0322265625 0.0576171875
0 0.0166015625 0.044921875 0.033203125 0.0380859375
3 0.357421875 0.3447265625 0.0302734375 0.0634765625
0 0.59375 0.1416015625 0.0478515625 0.0380859375
0 0.52734375 0.1337890625 0.0625 0.044921875
0 0.296875 0.11328125 0.03515625 0.0439453125
0 0.0361328125 0.05078125 0.0361328125 0.0400390625
0 0.244140625 0.013671875 0.0400390625 0.0263671875
0 0.6962890625 0.0654296875 0.0244140625 0.0244140625
0 0.4287109375 0.041015625 0.0283203125 0.029296875
0 0.82421875 0.3076171875 0.0869140625 0.1435546875
1 0.3291015625 0.03515625 0.048828125 0.052734375
0 0.3291015625 0.0810546875 0.0361328125 0.0263671875
0 0.6533203125 0.068359375 0.0224609375 0.029296875
0 0.5380859375 0.0361328125 0.0185546875 0.0224609375