1 0.46484375 0.701171875 0.5087890625 0.5517578125
0 0.6005859375 0.4365234375 0.0810546875 0.0859375
0 0.5869140625 0.3056640625 0.052734375 0.0830078125
0 0.61328125 0.3603515625 0.0556640625 0.0888671875
0 0.2958984375 0.537109375 0.123046875 0.1591796875
0 0.189453125 0.4609375 0.166015625 0.1611328125
0 0.302734375 0.37109375 0.10546875 0.1083984375
0 0.5146484375 0.2119140625 0.0478515625 0.076171875
0 0.4560546875 0.2587890625 0.060546875 0.07421875
0 0.1083984375 0.791015625 0.2138671875 0.267578125
0 0.2724609375 0.7529296875 0.173828125 0.2177734375
0 0.376953125 0.15234375 0.0400390625 0.052734375
0 0.466796875 0.2158203125 0.0419921875 0.0546875
0 0.5302734375 0.1552734375 0.0517578125 0.0546875
0 0.5654296875 0.251953125 0.0625 0.076171875
0 0.07421875 0.6455078125 0.1455078125 0.236328125
0 0.4892578125 0.1591796875 0.05078125 0.0537109375
0 0.4716796875 0.1865234375 0.0439453125 0.0654296875
0 0.3271484375 0.1181640625 0.0439453125 0.044921875
2 0.361328125 0.2685546875 0.095703125 0.17578125
1 0.40625 0.10546875 0.11328125 0.1044921875
1 0.154296875 0.0556640625 0.0595703125 0.072265625
0 0.2744140625 0.1025390625 0.04296875 0.04296875
0 0.6787109375 0.3046875 0.1162109375 0.0869140625
0 0.83984375 0.353515625 0.158203125 0.1142578125
0 0.244140625 0.0888671875 0.0439453125 0.044921875
0 0.3134765625 0.09765625 0.0400390625 0.04296875
0 0.5078125 0.12109375 0.052734375 0.044921875
0 0.021484375 0.05859375 0.04296875 0.0361328125
0 0.5625 0.140625 0.041015625 0.0283203125
0 0.357421875 0.0400390625 0.046875 0.0380859375
2 0.7080078125 0.404296875 0.08984375 0.205078125
0 0.306640625 0.05078125 0.0263671875 0.0283203125
0 0.5380859375 0.1162109375 0.03515625 0.033203125
0 0.20703125 0.087890625 0.044921875 0.0361328125
0 0.326171875 0.078125 0.0380859375 0.02734375
0 0.201171875 0.0712890625 0.037109375 0.0263671875
0 0.279296875 0.0810546875 0.037109375 0.0263671875
0 0.5380859375 0.029296875 0.025390625 0.0263671875
0 0.4033203125 0.2080078125 0.017578125 0.046875
0 0.439453125 0.0380859375 0.017578125 0.025390625
0 0.95703125 0.3876953125 0.080078125 0.06640625
0 0.521484375 0.2744140625 0.044921875 0.025390625
0 0.2294921875 0.0126953125 0.041015625 0.025390625
0 0.427734375 0.0361328125 0.0146484375 0.02734375
3 0.65625 0.2197265625 0.017578125 0.064453125
0 0.138671875 0.4775390625 0.0712890625 0.111328125
0 0.4287109375 0.314453125 0.0576171875 0.04296875
0 0.4130859375 0.3779296875 0.11328125 0.1767578125