1 0.5458984375 0.271484375 0.0947265625 0.205078125
1 0.6845703125 0.5 0.1923828125 0.41796875
0 0.4873046875 0.4384765625 0.0869140625 0.125
0 0.462890625 0.33203125 0.0693359375 0.0986328125
0 0.611328125 0.359375 0.05859375 0.08984375
1 0.615234375 0.171875 0.0986328125 0.1435546875
0 0.2470703125 0.638671875 0.1962890625 0.2119140625
0 0.345703125 0.48828125 0.1201171875 0.1337890625
0 0.5986328125 0.4375 0.068359375 0.115234375
0 0.47265625 0.2265625 0.0498046875 0.0673828125
0 0.4775390625 0.265625 0.056640625 0.0732421875
0 0.412109375 0.3935546875 0.0849609375 0.1103515625
0 0.353515625 0.3232421875 0.0791015625 0.0927734375
0 0.2724609375 0.388671875 0.1201171875 0.125
0 0.4296875 0.6201171875 0.150390625 0.1923828125
0 0.1708984375 0.4873046875 0.154296875 0.1826171875
0 0.400390625 0.263671875 0.060546875 0.0908203125
0 0.400390625 0.220703125 0.05078125 0.060546875
0 0.4384765625 0.1875 0.0380859375 0.0595703125
0 0.1162109375 0.87109375 0.23046875 0.255859375
0 0.4951171875 0.193359375 0.068359375 0.076171875
1 0.4267578125 0.775390625 0.427734375 0.4208984375
0 0.044921875 0.669921875 0.08984375 0.1513671875
0 0.650390625 0.1083984375 0.0224609375 0.0361328125
1 0.5302734375 0.16015625 0.0810546875 0.0859375
0 0.4404296875 0.1298828125 0.0439453125 0.048828125
0 0.453125 0.15625 0.0439453125 0.0517578125
0 0.150390625 0.078125 0.044921875 0.0361328125
0 0.234375 0.0830078125 0.0390625 0.037109375
0 0.28515625 0.0947265625 0.03125 0.0478515625
0 0.330078125 0.125 0.0517578125 0.064453125
0 0.3564453125 0.1494140625 0.0361328125 0.05078125
0 0.025390625 0.0556640625 0.0400390625 0.0322265625
1 0.6982421875 0.3154296875 0.080078125 0.1181640625
0 0.02734375 0.5703125 0.0546875 0.076171875
0 0.2001953125 0.0791015625 0.0419921875 0.0361328125
1 0.2890625 0.0361328125 0.0439453125 0.046875
0 0.794921875 0.341796875 0.0927734375 0.0947265625
0 0.7109375 0.0625 0.021484375 0.0244140625
0 0.3701171875 0.169921875 0.021484375 0.0537109375
0 0.3486328125 0.0419921875 0.0322265625 0.029296875
0 0.4990234375 0.1240234375 0.0458984375 0.0322265625
0 0.3935546875 0.1669921875 0.072265625 0.0654296875
0 0.4755859375 0.15625 0.0419921875 0.04296875
0 0.1650390625 0.041015625 0.0263671875 0.033203125
0 0.9365234375 0.384765625 0.1025390625 0.056640625
0 0.4345703125 0.0390625 0.025390625 0.0322265625
0 0.1396484375 0.0400390625 0.029296875 0.0419921875
0 0.3701171875 0.0419921875 0.0302734375 0.033203125
0 0.2119140625 0.013671875 0.0458984375 0.02734375
0 0.4267578125 0.1455078125 0.0234375 0.0361328125
0 0.30859375 0.1064453125 0.0263671875 0.03125
0 0.029296875 0.78515625 0.05859375 0.0859375
2 0.466796875 0.107421875 0.0546875 0.0517578125
0 0.259765625 0.0322265625 0.048828125 0.048828125
0 0.6357421875 0.322265625 0.05078125 0.072265625
1 0.3203125 0.0302734375 0.0380859375 0.037109375
0 0.1337890625 0.0625 0.01171875 0.0244140625
0 0.7314453125 0.0595703125 0.0185546875 0.0205078125
0 0.5380859375 0.0341796875 0.0224609375 0.0185546875
0 0.0419921875 0.04296875 0.0322265625 0.0400390625
0 0.1875 0.0458984375 0.0263671875 0.0302734375
1 0.6298828125 0.0205078125 0.05078125 0.041015625
0 0.0390625 0.0224609375 0.0341796875 0.033203125