1 0.453125 0.443359375 0.2041015625 0.3447265625
0 0.1689453125 0.46484375 0.173828125 0.1650390625
0 0.111328125 0.78515625 0.21875 0.26953125
0 0.2900390625 0.37890625 0.111328125 0.115234375
1 0.5947265625 0.1962890625 0.0927734375 0.126953125
0 0.0751953125 0.646484375 0.1474609375 0.2412109375
2 0.3515625 0.2763671875 0.095703125 0.185546875
0 0.29296875 0.5390625 0.1240234375 0.1630859375
1 0.40234375 0.099609375 0.1025390625 0.1015625
0 0.6826171875 0.3046875 0.1123046875 0.0927734375
0 0.701171875 0.3720703125 0.0595703125 0.1064453125
1 0.169921875 0.052734375 0.083984375 0.080078125
0 0.56640625 0.248046875 0.060546875 0.076171875
0 0.61328125 0.357421875 0.0556640625 0.0888671875
0 0.45703125 0.2529296875 0.060546875 0.076171875
0 0.876953125 0.9267578125 0.2373046875 0.140625
0 0.5166015625 0.20703125 0.0498046875 0.076171875
0 0.8662109375 0.349609375 0.1865234375 0.11328125
0 0.58984375 0.3056640625 0.052734375 0.083984375
2 0.3681640625 0.119140625 0.04296875 0.0703125
0 0.3798828125 0.1474609375 0.0400390625 0.0556640625
0 0.4921875 0.154296875 0.048828125 0.0537109375
0 0.533203125 0.1494140625 0.05078125 0.0537109375
1 0.2783203125 0.025390625 0.046875 0.05078125
0 0.4677734375 0.2158203125 0.041015625 0.0546875
0 0.275390625 0.091796875 0.0380859375 0.044921875
0 0.3486328125 0.037109375 0.0263671875 0.0302734375
0 0.4765625 0.1796875 0.041015625 0.0625
0 0.384765625 0.173828125 0.037109375 0.044921875
0 0.333984375 0.1181640625 0.0380859375 0.0419921875
0 0.537109375 0.0244140625 0.0224609375 0.025390625
0 0.296875 0.10546875 0.0419921875 0.0419921875
0 0.5087890625 0.1162109375 0.0537109375 0.044921875
0 0.3994140625 0.21875 0.037109375 0.0703125
0 0.0458984375 0.048828125 0.033203125 0.044921875
0 0.5634765625 0.1337890625 0.041015625 0.029296875
1 0.3603515625 0.0263671875 0.0625 0.052734375
0 0.52734375 0.2939453125 0.07421875 0.080078125
0 0.404296875 0.552734375 0.107421875 0.1376953125