1 0.5732421875 0.2412109375 0.095703125 0.1708984375
1 0.69140625 0.4951171875 0.1806640625 0.416015625
0 0.5146484375 0.4609375 0.0849609375 0.140625
0 0.615234375 0.3583984375 0.0556640625 0.0966796875
0 0.5693359375 0.404296875 0.0869140625 0.0986328125
0 0.396484375 0.5537109375 0.1767578125 0.1787109375
0 0.474609375 0.330078125 0.0791015625 0.095703125
0 0.5390625 0.3447265625 0.068359375 0.091796875
0 0.3505859375 0.4853515625 0.1201171875 0.1220703125
0 0.1923828125 0.8134765625 0.259765625 0.3056640625
0 0.3525390625 0.330078125 0.083984375 0.09765625
0 0.2744140625 0.3955078125 0.1201171875 0.1259765625
1 0.5791015625 0.15625 0.115234375 0.123046875
0 0.4189453125 0.3935546875 0.087890625 0.1103515625
0 0.40234375 0.2666015625 0.0595703125 0.0927734375
0 0.6689453125 0.2548828125 0.044921875 0.0625
0 0.173828125 0.4921875 0.15625 0.1865234375
0 0.484375 0.26953125 0.068359375 0.06640625
0 0.19140625 0.6494140625 0.2119140625 0.1796875
0 0.5791015625 0.501953125 0.08203125 0.126953125
1 0.435546875 0.7802734375 0.4345703125 0.4130859375
0 0.4736328125 0.224609375 0.048828125 0.072265625
0 0.4384765625 0.197265625 0.0380859375 0.0625
0 0.0341796875 0.8603515625 0.068359375 0.177734375
0 0.4404296875 0.1396484375 0.044921875 0.0517578125
0 0.0654296875 0.6669921875 0.126953125 0.2001953125
0 0.4765625 0.169921875 0.0439453125 0.052734375
0 0.2216796875 0.08984375 0.0458984375 0.037109375
0 0.1806640625 0.083984375 0.0439453125 0.03515625
1 0.701171875 0.318359375 0.083984375 0.1240234375
0 0.359375 0.16015625 0.03515625 0.05078125
1 0.533203125 0.1650390625 0.0849609375 0.080078125
1 0.9169921875 0.359375 0.158203125 0.169921875
0 0.146484375 0.078125 0.03515625 0.03515625
0 0.3564453125 0.05859375 0.0322265625 0.0244140625
0 0.810546875 0.333984375 0.0908203125 0.103515625
0 0.267578125 0.099609375 0.056640625 0.052734375
0 0.2197265625 0.0576171875 0.0380859375 0.0302734375
0 0.3291015625 0.1337890625 0.056640625 0.0634765625
0 0.5126953125 0.2119140625 0.044921875 0.0810546875
0 0.0546875 0.072265625 0.0185546875 0.03125
0 0.255859375 0.0634765625 0.0458984375 0.0322265625
0 0.4072265625 0.2314453125 0.04296875 0.0595703125
0 0.3046875 0.0498046875 0.0341796875 0.021484375
0 0.1923828125 0.03125 0.0458984375 0.0458984375
0 0.431640625 0.0537109375 0.01953125 0.029296875
0 0.494140625 0.1318359375 0.041015625 0.03125
0 0.4287109375 0.1689453125 0.025390625 0.0478515625
0 0.1513671875 0.0146484375 0.0419921875 0.02734375
0 0.3076171875 0.119140625 0.0322265625 0.0361328125
1 0.3740234375 0.0419921875 0.0498046875 0.044921875
0 0.2412109375 0.052734375 0.0283203125 0.0263671875
0 0.025390625 0.564453125 0.05078125 0.044921875
1 0.0185546875 0.0546875 0.037109375 0.05078125
0 0.240234375 0.419921875 0.0576171875 0.06640625
0 0.4501953125 0.0546875 0.01953125 0.0263671875
0 0.048828125 0.03515625 0.0244140625 0.02734375