0 0.109375 0.783203125 0.2177734375 0.259765625
1 0.4541015625 0.443359375 0.203125 0.3427734375
0 0.1689453125 0.4677734375 0.173828125 0.1640625
0 0.2880859375 0.380859375 0.1123046875 0.1162109375
0 0.0751953125 0.6484375 0.146484375 0.240234375
2 0.3505859375 0.2783203125 0.09765625 0.1865234375
0 0.1298828125 0.9189453125 0.259765625 0.162109375
1 0.5908203125 0.197265625 0.0947265625 0.1298828125
1 0.40625 0.1015625 0.1083984375 0.10546875
0 0.29296875 0.5400390625 0.1240234375 0.1630859375
0 0.69921875 0.3740234375 0.060546875 0.1064453125
1 0.169921875 0.052734375 0.0849609375 0.080078125
0 0.681640625 0.30859375 0.111328125 0.09375
2 0.3681640625 0.12109375 0.041015625 0.0703125
0 0.61328125 0.359375 0.0556640625 0.0869140625
0 0.56640625 0.251953125 0.0615234375 0.0791015625
0 0.4560546875 0.2548828125 0.060546875 0.0751953125
0 0.587890625 0.306640625 0.0556640625 0.0859375
0 0.8662109375 0.3544921875 0.1875 0.1103515625
0 0.515625 0.208984375 0.0498046875 0.0751953125
0 0.5302734375 0.15234375 0.0498046875 0.0546875
1 0.3544921875 0.0263671875 0.0478515625 0.0498046875
0 0.490234375 0.1572265625 0.048828125 0.0556640625
0 0.4677734375 0.2177734375 0.0439453125 0.0576171875
1 0.2783203125 0.02734375 0.0478515625 0.052734375
0 0.3388671875 0.1201171875 0.0302734375 0.041015625
0 0.2958984375 0.107421875 0.04296875 0.04296875
0 0.47265625 0.1806640625 0.044921875 0.0654296875
0 0.2548828125 0.078125 0.0361328125 0.03515625
0 0.3974609375 0.205078125 0.029296875 0.044921875
0 0.3369140625 0.0966796875 0.03125 0.041015625
0 0.5361328125 0.029296875 0.021484375 0.021484375
0 0.4365234375 0.0341796875 0.0205078125 0.0263671875
0 0.2744140625 0.0947265625 0.0380859375 0.044921875
0 0.5625 0.13671875 0.0380859375 0.0263671875
0 0.5205078125 0.2705078125 0.0478515625 0.025390625
0 0.5068359375 0.1171875 0.052734375 0.044921875
0 0.3095703125 0.044921875 0.02734375 0.02734375