0 0.29296875 0.404296875 0.11328125 0.1162109375
0 0.380859375 0.453125 0.1220703125 0.125
0 0.1708984375 0.484375 0.173828125 0.1513671875
0 0.498046875 0.4287109375 0.111328125 0.1669921875
0 0.6064453125 0.474609375 0.0869140625 0.12109375
0 0.4423828125 0.365234375 0.0849609375 0.095703125
0 0.7041015625 0.4091796875 0.0625 0.109375
0 0.7001953125 0.345703125 0.125 0.0986328125
2 0.3544921875 0.2998046875 0.0947265625 0.1796875
0 0.59375 0.3359375 0.0546875 0.0869140625
1 0.59765625 0.2265625 0.0908203125 0.1298828125
0 0.4541015625 0.29296875 0.06640625 0.080078125
0 0.5263671875 0.357421875 0.064453125 0.08203125
1 0.208984375 0.73828125 0.4169921875 0.484375
1 0.1748046875 0.0771484375 0.0810546875 0.0771484375
0 0.6171875 0.3857421875 0.056640625 0.083984375
1 0.416015625 0.1279296875 0.1181640625 0.099609375
0 0.8330078125 0.3818359375 0.083984375 0.0927734375
0 0.56640625 0.2861328125 0.0595703125 0.0869140625
2 0.376953125 0.1484375 0.044921875 0.0693359375
0 0.53515625 0.1787109375 0.0498046875 0.0537109375
1 0.3564453125 0.0517578125 0.0751953125 0.0537109375
0 0.5185546875 0.240234375 0.046875 0.076171875
0 0.513671875 0.146484375 0.056640625 0.0439453125
0 0.6875 0.09765625 0.021484375 0.033203125
0 0.3896484375 0.193359375 0.0380859375 0.0498046875
1 0.2978515625 0.0537109375 0.0517578125 0.052734375
0 0.2919921875 0.115234375 0.0439453125 0.046875
0 0.25 0.1083984375 0.05078125 0.0458984375
0 0.201171875 0.0283203125 0.041015625 0.033203125
0 0.2451171875 0.0341796875 0.0439453125 0.033203125
0 0.3427734375 0.12890625 0.041015625 0.0498046875
1 0.03125 0.0380859375 0.0625 0.048828125
0 0.6962890625 0.080078125 0.017578125 0.0263671875
0 0.7177734375 0.08203125 0.017578125 0.0263671875
0 0.56640625 0.1650390625 0.04296875 0.0302734375
0 0.4482421875 0.21484375 0.072265625 0.0830078125
0 0.0283203125 0.078125 0.0498046875 0.0380859375
3 0.6962890625 0.279296875 0.017578125 0.0478515625
0 0.5166015625 0.2001953125 0.04296875 0.0439453125
0 0.544921875 0.052734375 0.0283203125 0.0263671875
0 0.4326171875 0.0556640625 0.013671875 0.0224609375
3 0.5166015625 0.2841796875 0.01953125 0.05078125
0 0.400390625 0.232421875 0.03515625 0.044921875