0 0.529296875 0.5712890625 0.1103515625 0.1787109375
0 0.3310546875 0.5732421875 0.1845703125 0.23828125
0 0.396484375 0.392578125 0.103515625 0.1142578125
0 0.455078125 0.44140625 0.095703125 0.126953125
0 0.2978515625 0.4873046875 0.1572265625 0.1337890625
0 0.125 0.5634765625 0.1220703125 0.1748046875
3 0.1748046875 0.4541015625 0.0576171875 0.080078125
0 0.439453125 0.30078125 0.0654296875 0.09375
1 0.6357421875 0.2060546875 0.0634765625 0.1640625
0 0.5849609375 0.37109375 0.064453125 0.1015625
0 0.544921875 0.3095703125 0.0595703125 0.09375
0 0.5322265625 0.2294921875 0.060546875 0.0693359375
1 0.1787109375 0.072265625 0.1123046875 0.083984375
0 0.505859375 0.357421875 0.0703125 0.1103515625
2 0.2705078125 0.3388671875 0.1318359375 0.2060546875
1 0.419921875 0.12109375 0.119140625 0.1015625
0 0.4521484375 0.2197265625 0.0771484375 0.0849609375
3 0.587890625 0.2763671875 0.0166015625 0.0498046875
0 0.3798828125 0.29296875 0.060546875 0.0859375
1 0.6953125 0.1708984375 0.048828125 0.115234375
1 0.78125 0.3115234375 0.1591796875 0.1611328125
0 0.6279296875 0.3203125 0.0498046875 0.0908203125
1 0.3564453125 0.041015625 0.0712890625 0.0595703125
0 0.515625 0.26171875 0.0478515625 0.0791015625
0 0.4287109375 0.0517578125 0.029296875 0.033203125
2 0.3857421875 0.1513671875 0.04296875 0.072265625
0 0.529296875 0.1708984375 0.0556640625 0.05078125
0 0.6455078125 0.1142578125 0.0302734375 0.02734375
0 0.501953125 0.1826171875 0.05078125 0.0537109375
0 0.685546875 0.0791015625 0.0224609375 0.0283203125
0 0.5966796875 0.1513671875 0.046875 0.04296875
0 0.1953125 0.017578125 0.0390625 0.0322265625
0 0.2392578125 0.025390625 0.04296875 0.0322265625
0 0.3837890625 0.234375 0.041015625 0.0615234375
0 0.2890625 0.123046875 0.03515625 0.044921875
0 0.384765625 0.2041015625 0.0400390625 0.05078125
0 0.5234375 0.14453125 0.052734375 0.04296875
0 0.345703125 0.119140625 0.0380859375 0.0498046875
0 0.0302734375 0.0634765625 0.0478515625 0.04296875
0 0.4599609375 0.265625 0.046875 0.078125
0 0.310546875 0.1337890625 0.044921875 0.0478515625
0 0.58203125 0.173828125 0.0517578125 0.0517578125
1 0.2890625 0.0458984375 0.05859375 0.0537109375
0 0.2841796875 0.6142578125 0.0927734375 0.1435546875
0 0.291015625 0.0947265625 0.03125 0.021484375
0 0.5263671875 0.044921875 0.0146484375 0.025390625
0 0.326171875 0.091796875 0.0400390625 0.0283203125
0 0.73046875 0.0751953125 0.015625 0.0341796875