1 0.560546875 0.642578125 0.4052734375 0.6640625
0 0.6025390625 0.4306640625 0.0810546875 0.08984375
0 0.27734375 0.7587890625 0.1728515625 0.248046875
0 0.5908203125 0.3046875 0.0546875 0.083984375
0 0.296875 0.537109375 0.1240234375 0.1640625
0 0.615234375 0.3564453125 0.056640625 0.0869140625
0 0.19140625 0.4560546875 0.16796875 0.1611328125
0 0.517578125 0.208984375 0.048828125 0.076171875
0 0.1103515625 0.7890625 0.2177734375 0.26953125
0 0.3046875 0.369140625 0.1064453125 0.111328125
0 0.4580078125 0.2548828125 0.060546875 0.0771484375
0 0.5673828125 0.2490234375 0.05859375 0.07421875
0 0.533203125 0.1494140625 0.048828125 0.052734375
0 0.0771484375 0.6435546875 0.1484375 0.228515625
0 0.3779296875 0.1484375 0.0400390625 0.0537109375
0 0.470703125 0.216796875 0.0439453125 0.05859375
1 0.595703125 0.1962890625 0.09375 0.130859375
0 0.4912109375 0.1513671875 0.0478515625 0.044921875
2 0.36328125 0.2666015625 0.0927734375 0.17578125
0 0.6748046875 0.298828125 0.1083984375 0.0869140625
1 0.1552734375 0.0517578125 0.0576171875 0.072265625
0 0.5078125 0.1181640625 0.0498046875 0.0439453125
0 0.564453125 0.1357421875 0.0439453125 0.03125
1 0.4033203125 0.1015625 0.1005859375 0.1015625
0 0.84375 0.3486328125 0.1611328125 0.1162109375
0 0.5390625 0.111328125 0.0380859375 0.0341796875
0 0.2763671875 0.1005859375 0.04296875 0.041015625
0 0.205078125 0.08203125 0.0458984375 0.0380859375
0 0.3115234375 0.0927734375 0.0390625 0.0390625
0 0.322265625 0.1162109375 0.0439453125 0.0400390625
0 0.52734375 0.2841796875 0.0595703125 0.0576171875
0 0.279296875 0.0791015625 0.0361328125 0.02734375
2 0.3603515625 0.1181640625 0.04296875 0.0712890625
0 0.2451171875 0.0908203125 0.0400390625 0.0380859375
0 0.328125 0.0732421875 0.0400390625 0.0283203125
0 0.3095703125 0.0478515625 0.0244140625 0.0283203125
0 0.365234375 0.03515625 0.0400390625 0.03515625
0 0.015625 0.0576171875 0.0302734375 0.037109375
0 0.400390625 0.2041015625 0.025390625 0.05078125
0 0.34375 0.0380859375 0.0244140625 0.0283203125
0 0.4345703125 0.0302734375 0.025390625 0.0341796875
0 0.0546875 0.056640625 0.013671875 0.029296875
0 0.5400390625 0.0244140625 0.02734375 0.0263671875
0 0.1875 0.0390625 0.0205078125 0.0302734375
0 0.3369140625 0.09375 0.0341796875 0.037109375
0 0.283203125 0.0576171875 0.029296875 0.0244140625
0 0.958984375 0.3857421875 0.076171875 0.068359375
0 0.0458984375 0.0419921875 0.0302734375 0.03125
0 0.248046875 0.072265625 0.0380859375 0.0263671875
0 0.5146484375 0.1689453125 0.04296875 0.0439453125
0 0.1416015625 0.4755859375 0.0732421875 0.103515625
0 0.3837890625 0.39453125 0.111328125 0.1474609375
2 0.712890625 0.3515625 0.08203125 0.1064453125
0 0.330078125 0.04296875 0.0224609375 0.0263671875