1 0.6875 0.5029296875 0.2001953125 0.44140625
0 0.61328125 0.400390625 0.0595703125 0.0849609375
0 0.33203125 0.703125 0.1767578125 0.208984375
0 0.3818359375 0.3134765625 0.0810546875 0.0986328125
0 0.259765625 0.419921875 0.1357421875 0.126953125
0 0.4736328125 0.2236328125 0.044921875 0.0615234375
0 0.5830078125 0.5 0.06640625 0.1357421875
0 0.5517578125 0.2626953125 0.0556640625 0.064453125
0 0.4052734375 0.259765625 0.0537109375 0.078125
0 0.4716796875 0.275390625 0.056640625 0.06640625
0 0.279296875 0.580078125 0.16015625 0.1630859375
0 0.611328125 0.330078125 0.056640625 0.083984375
1 0.76171875 0.2734375 0.2587890625 0.18359375
0 0.490234375 0.19921875 0.05078125 0.0703125
0 0.087890625 0.65234375 0.1728515625 0.279296875
0 0.44140625 0.1884765625 0.037109375 0.064453125
0 0.6318359375 0.1875 0.029296875 0.0517578125
1 0.541015625 0.177734375 0.0869140625 0.111328125
0 0.478515625 0.16796875 0.04296875 0.05078125
0 0.6630859375 0.095703125 0.021484375 0.0322265625
0 0.392578125 0.4052734375 0.041015625 0.1123046875
1 0.435546875 0.78125 0.4248046875 0.4140625
0 0.1669921875 0.087890625 0.046875 0.037109375
1 0.3603515625 0.11328125 0.12890625 0.109375
0 0.6513671875 0.142578125 0.0322265625 0.05859375
0 0.0302734375 0.9169921875 0.0595703125 0.1640625
0 0.02734375 0.068359375 0.05078125 0.0302734375
0 0.27734375 0.1025390625 0.041015625 0.0419921875
0 0.240234375 0.091796875 0.0400390625 0.037109375
0 0.1669921875 0.923828125 0.1962890625 0.146484375
0 0.3330078125 0.1318359375 0.052734375 0.0634765625
0 0.501953125 0.1357421875 0.0517578125 0.044921875
0 0.20703125 0.0869140625 0.04296875 0.03515625
2 0.404296875 0.1796875 0.0458984375 0.1083984375
0 0.173828125 0.0146484375 0.0390625 0.029296875
0 0.443359375 0.052734375 0.0166015625 0.0234375
0 0.2177734375 0.021484375 0.048828125 0.0302734375
1 0.365234375 0.03515625 0.048828125 0.029296875
1 0.3037109375 0.044921875 0.046875 0.0498046875
0 0.361328125 0.048828125 0.0361328125 0.025390625
0 0.3115234375 0.1162109375 0.0244140625 0.033203125
0 0.521484375 0.1201171875 0.04296875 0.0263671875
0 0.537109375 0.04296875 0.0146484375 0.0224609375
0 0.1728515625 0.0517578125 0.0400390625 0.0380859375
0 0.3427734375 0.0517578125 0.0390625 0.0244140625
0 0.1455078125 0.0634765625 0.02734375 0.03515625
0 0.2470703125 0.0361328125 0.01953125 0.0322265625
1 0.46875 0.1123046875 0.0517578125 0.05078125
0 0.5576171875 0.0380859375 0.0166015625 0.021484375
0 0.2294921875 0.05859375 0.0341796875 0.029296875
0 0.2841796875 0.076171875 0.02734375 0.0224609375
1 0.6259765625 0.0224609375 0.0361328125 0.0419921875
1 0.7060546875 0.3173828125 0.0830078125 0.1201171875