0 0.51171875 0.8564453125 0.208984375 0.2802734375
0 0.515625 0.625 0.14453125 0.169921875
0 0.361328125 0.4658203125 0.1220703125 0.1337890625
0 0.16796875 0.4921875 0.1728515625 0.1650390625
0 0.2900390625 0.40625 0.107421875 0.1142578125
0 0.7060546875 0.3564453125 0.12109375 0.1044921875
0 0.4404296875 0.3701171875 0.091796875 0.0986328125
0 0.4833984375 0.44921875 0.12890625 0.169921875
0 0.26171875 0.6162109375 0.169921875 0.181640625
0 0.05859375 0.6845703125 0.11328125 0.185546875
0 0.611328125 0.431640625 0.07421875 0.1162109375
1 0.662109375 0.087890625 0.044921875 0.06640625
0 0.072265625 0.869140625 0.13671875 0.2431640625
1 0.1767578125 0.080078125 0.0869140625 0.0791015625
0 0.521484375 0.3662109375 0.068359375 0.0888671875
2 0.3544921875 0.30078125 0.0947265625 0.1796875
0 0.455078125 0.2919921875 0.0654296875 0.0751953125
0 0.5576171875 0.2919921875 0.056640625 0.08203125
0 0.5908203125 0.345703125 0.052734375 0.0859375
1 0.6337890625 0.255859375 0.1201171875 0.1337890625
1 0.4189453125 0.12890625 0.1220703125 0.0986328125
0 0.4541015625 0.2236328125 0.076171875 0.0849609375
1 0.05078125 0.0361328125 0.03125 0.0419921875
2 0.3857421875 0.1591796875 0.0458984375 0.0712890625
0 0.66796875 0.16796875 0.0322265625 0.048828125
1 0.35546875 0.0537109375 0.0751953125 0.0556640625
1 0.2939453125 0.0546875 0.05078125 0.05078125
0 0.5185546875 0.2412109375 0.048828125 0.0771484375
0 0.533203125 0.1806640625 0.05078125 0.0537109375
0 0.50390625 0.19140625 0.056640625 0.0595703125
0 0.6279296875 0.1435546875 0.0283203125 0.0400390625
0 0.578125 0.18359375 0.052734375 0.0498046875
0 0.8359375 0.3916015625 0.0791015625 0.0869140625
0 0.5185546875 0.1513671875 0.0615234375 0.0419921875
0 0.392578125 0.2080078125 0.037109375 0.0537109375
0 0.654296875 0.1337890625 0.0244140625 0.037109375
0 0.0302734375 0.5869140625 0.0595703125 0.0732421875
0 0.341796875 0.1298828125 0.0341796875 0.0458984375
0 0.244140625 0.03515625 0.0439453125 0.033203125
0 0.30078125 0.1337890625 0.0439453125 0.044921875
0 0.2001953125 0.02734375 0.0380859375 0.0322265625
0 0.353515625 0.15234375 0.0380859375 0.046875
0 0.7060546875 0.0888671875 0.0185546875 0.0244140625
0 0.2509765625 0.109375 0.0498046875 0.04296875
0 0.2841796875 0.125 0.03125 0.0380859375
0 0.02734375 0.0751953125 0.0498046875 0.033203125
3 0.6318359375 0.1015625 0.0078125 0.021484375
0 0.6318359375 0.1884765625 0.029296875 0.0263671875
1 0.1474609375 0.033203125 0.037109375 0.0322265625
3 0.5166015625 0.298828125 0.021484375 0.05078125
3 0.5908203125 0.1162109375 0.01171875 0.04296875