0 0.373046875 0.7705078125 0.216796875 0.248046875
0 0.37109375 0.537109375 0.1806640625 0.2060546875
0 0.4052734375 0.384765625 0.1064453125 0.107421875
0 0.1650390625 0.5009765625 0.126953125 0.1513671875
0 0.2890625 0.4912109375 0.125 0.142578125
0 0.4755859375 0.42578125 0.0888671875 0.1171875
1 0.6689453125 0.142578125 0.0458984375 0.1123046875
0 0.7548828125 0.365234375 0.140625 0.1044921875
0 0.5576171875 0.3056640625 0.0576171875 0.08984375
0 0.4453125 0.30078125 0.0595703125 0.0849609375
1 0.171875 0.0654296875 0.0869140625 0.0810546875
0 0.3857421875 0.2861328125 0.0634765625 0.083984375
0 0.513671875 0.3515625 0.06640625 0.1064453125
0 0.0595703125 0.8720703125 0.1162109375 0.2412109375
0 0.9599609375 0.802734375 0.0791015625 0.22265625
0 0.5859375 0.181640625 0.0556640625 0.0537109375
1 0.634765625 0.09765625 0.0263671875 0.060546875
0 0.5234375 0.2587890625 0.048828125 0.080078125
1 0.412109375 0.123046875 0.1103515625 0.10546875
2 0.2783203125 0.3349609375 0.1259765625 0.2001953125
0 0.453125 0.2158203125 0.076171875 0.0849609375
0 0.6171875 0.3125 0.0517578125 0.0927734375
0 0.53515625 0.177734375 0.0498046875 0.0556640625
0 0.521484375 0.2138671875 0.0458984375 0.0615234375
1 0.3515625 0.044921875 0.078125 0.0576171875
0 0.6455078125 0.2197265625 0.037109375 0.0615234375
1 0.044921875 0.0234375 0.029296875 0.0439453125
0 0.46484375 0.267578125 0.04296875 0.0751953125
2 0.3837890625 0.1513671875 0.0458984375 0.072265625
0 0.6318359375 0.2607421875 0.041015625 0.0673828125
0 0.38671875 0.1962890625 0.0361328125 0.0576171875
0 0.2587890625 0.0986328125 0.044921875 0.04296875
0 0.6005859375 0.16015625 0.04296875 0.046875
0 0.533203125 0.1484375 0.0576171875 0.0419921875
1 0.2900390625 0.046875 0.0556640625 0.0576171875
0 0.3896484375 0.2412109375 0.04296875 0.0625
0 0.4931640625 0.185546875 0.0458984375 0.0625
0 0.1962890625 0.0166015625 0.0380859375 0.033203125
0 0.0205078125 0.708984375 0.041015625 0.10546875
0 0.435546875 0.0576171875 0.0263671875 0.02734375
0 0.24609375 0.0244140625 0.03515625 0.02734375
0 0.296875 0.1015625 0.0390625 0.0322265625
0 0.3154296875 0.1337890625 0.046875 0.0458984375
0 0.0341796875 0.0615234375 0.0517578125 0.037109375
0 0.3447265625 0.1318359375 0.0361328125 0.0615234375
0 0.5322265625 0.0537109375 0.0146484375 0.0224609375
0 0.3291015625 0.0966796875 0.0361328125 0.033203125