3 0.419921875 0.701171875 0.07421875 0.1455078125
0 0.5478515625 0.568359375 0.13671875 0.1865234375
1 0.615234375 0.3193359375 0.126953125 0.298828125
0 0.38671875 0.4658203125 0.1279296875 0.1513671875
1 0.75 0.31640625 0.0947265625 0.2099609375
0 0.14453125 0.5595703125 0.2099609375 0.185546875
0 0.4892578125 0.3916015625 0.099609375 0.1220703125
0 0.0615234375 0.80078125 0.123046875 0.294921875
0 0.361328125 0.384765625 0.119140625 0.119140625
1 0.19140625 0.0390625 0.109375 0.0771484375
0 0.4345703125 0.28515625 0.0654296875 0.099609375
0 0.5068359375 0.298828125 0.060546875 0.09375
0 0.48046875 0.189453125 0.09375 0.0966796875
0 0.3916015625 0.158203125 0.037109375 0.060546875
1 0.4365234375 0.0888671875 0.123046875 0.1123046875
0 0.3759765625 0.244140625 0.0556640625 0.0859375
0 0.5859375 0.16015625 0.0732421875 0.0693359375
0 0.4609375 0.234375 0.048828125 0.07421875
2 0.3955078125 0.119140625 0.0439453125 0.076171875
0 0.6259765625 0.0849609375 0.029296875 0.044921875
0 0.5341796875 0.10546875 0.05078125 0.0498046875
0 0.6123046875 0.12109375 0.0498046875 0.056640625
0 0.68359375 0.1630859375 0.03515625 0.0595703125
0 0.6923828125 0.09375 0.0283203125 0.0439453125
0 0.693359375 0.0341796875 0.0263671875 0.0322265625
0 0.3544921875 0.0869140625 0.0458984375 0.060546875
0 0.33984375 0.107421875 0.0439453125 0.048828125
0 0.828125 0.30859375 0.072265625 0.091796875
0 0.2744140625 0.05859375 0.046875 0.0390625
0 0.01953125 0.0224609375 0.0390625 0.044921875
0 0.6162109375 0.0234375 0.04296875 0.0341796875
0 0.54296875 0.13671875 0.0576171875 0.056640625
0 0.67578125 0.1279296875 0.037109375 0.046875
0 0.3154296875 0.0927734375 0.0380859375 0.0498046875
0 0.2822265625 0.0810546875 0.044921875 0.04296875
0 0.6953125 0.27734375 0.0302734375 0.08203125
0 0.3115234375 0.0654296875 0.0380859375 0.03515625
2 0.3603515625 0.0546875 0.0361328125 0.0458984375
0 0.4306640625 0.0126953125 0.02734375 0.025390625
0 0.1298828125 0.0361328125 0.01171875 0.0380859375