1 0.53125 0.30078125 0.1083984375 0.2294921875
1 0.6875 0.4970703125 0.1962890625 0.4326171875
0 0.4541015625 0.4970703125 0.1083984375 0.1376953125
0 0.609375 0.353515625 0.0546875 0.0849609375
1 0.6396484375 0.1982421875 0.0859375 0.1591796875
0 0.22265625 0.66015625 0.208984375 0.2275390625
0 0.4560546875 0.3271484375 0.0556640625 0.0966796875
0 0.337890625 0.49609375 0.1279296875 0.1435546875
0 0.46875 0.22265625 0.044921875 0.064453125
0 0.271484375 0.388671875 0.12109375 0.1259765625
0 0.5947265625 0.443359375 0.0703125 0.1181640625
0 0.3994140625 0.2607421875 0.05859375 0.0908203125
0 0.3525390625 0.3203125 0.0791015625 0.0927734375
0 0.3974609375 0.662109375 0.1630859375 0.1962890625
0 0.4130859375 0.392578125 0.087890625 0.111328125
1 0.529296875 0.1591796875 0.09375 0.0908203125
0 0.154296875 0.498046875 0.1611328125 0.1884765625
0 0.4697265625 0.2646484375 0.0458984375 0.068359375
0 0.4375 0.1806640625 0.0380859375 0.056640625
0 0.4052734375 0.2197265625 0.0478515625 0.0625
0 0.09375 0.8974609375 0.18359375 0.205078125
0 0.4873046875 0.1875 0.056640625 0.06640625
0 0.44140625 0.12890625 0.0419921875 0.0498046875
1 0.427734375 0.77734375 0.4326171875 0.421875
0 0.6630859375 0.072265625 0.01953125 0.02734375
0 0.28515625 0.0947265625 0.0302734375 0.044921875
0 0.1513671875 0.0771484375 0.0458984375 0.03515625
1 0.7021484375 0.3115234375 0.0810546875 0.1162109375
0 0.4755859375 0.15625 0.04296875 0.0439453125
0 0.357421875 0.1474609375 0.03515625 0.052734375
0 0.3310546875 0.1240234375 0.0517578125 0.0654296875
0 0.6962890625 0.0693359375 0.0234375 0.0302734375
0 0.234375 0.08203125 0.0380859375 0.0361328125
0 0.341796875 0.0390625 0.04296875 0.029296875
0 0.1669921875 0.06640625 0.0361328125 0.029296875
0 0.3095703125 0.109375 0.0302734375 0.0361328125
0 0.19921875 0.0771484375 0.04296875 0.0361328125
1 0.279296875 0.03515625 0.0634765625 0.0517578125
0 0.5146484375 0.1142578125 0.048828125 0.029296875
0 0.0263671875 0.0556640625 0.041015625 0.0322265625
0 0.3701171875 0.1689453125 0.0205078125 0.0546875
0 0.4345703125 0.0419921875 0.025390625 0.02734375
0 0.427734375 0.1611328125 0.025390625 0.05078125
0 0.1669921875 0.041015625 0.0283203125 0.03125
0 0.376953125 0.041015625 0.041015625 0.0361328125
0 0.4931640625 0.12109375 0.0390625 0.03125
0 0.85546875 0.373046875 0.13671875 0.0947265625
0 0.6474609375 0.3349609375 0.02734375 0.056640625
0 0.328125 0.0390625 0.0234375 0.01953125
0 0.134765625 0.0498046875 0.0166015625 0.0263671875
0 0.2158203125 0.013671875 0.048828125 0.0263671875
0 0.3681640625 0.1162109375 0.0419921875 0.03515625
0 0.169921875 0.0107421875 0.0419921875 0.021484375
0 0.28125 0.07421875 0.0302734375 0.03125
0 0.208984375 0.0478515625 0.02734375 0.0283203125
0 0.4892578125 0.1416015625 0.041015625 0.04296875