1 0.576171875 0.236328125 0.09765625 0.16796875
1 0.69140625 0.4990234375 0.1826171875 0.404296875
0 0.5146484375 0.458984375 0.0830078125 0.138671875
0 0.6171875 0.353515625 0.0546875 0.091796875
0 0.5732421875 0.404296875 0.0908203125 0.1025390625
0 0.4765625 0.326171875 0.0771484375 0.0927734375
0 0.3515625 0.48046875 0.119140625 0.1240234375
0 0.541015625 0.341796875 0.068359375 0.0927734375
0 0.396484375 0.548828125 0.1787109375 0.1767578125
0 0.1904296875 0.8095703125 0.259765625 0.3115234375
0 0.4208984375 0.390625 0.0869140625 0.1123046875
0 0.35546875 0.3271484375 0.080078125 0.0947265625
0 0.4853515625 0.267578125 0.0673828125 0.0673828125
0 0.580078125 0.498046875 0.08203125 0.1318359375
0 0.27734375 0.3955078125 0.115234375 0.1220703125
0 0.474609375 0.22265625 0.0498046875 0.0703125
0 0.1845703125 0.65234375 0.2158203125 0.1875
1 0.58203125 0.15234375 0.1201171875 0.12109375
0 0.4033203125 0.2578125 0.05859375 0.0966796875
1 0.4345703125 0.7822265625 0.43359375 0.4150390625
0 0.173828125 0.4853515625 0.1552734375 0.1865234375
0 0.4365234375 0.1806640625 0.0400390625 0.06640625
0 0.0283203125 0.8818359375 0.056640625 0.173828125
0 0.6728515625 0.26171875 0.0478515625 0.0556640625
1 0.7001953125 0.314453125 0.0810546875 0.1181640625
0 0.2236328125 0.0859375 0.0439453125 0.0361328125
0 0.0654296875 0.66796875 0.126953125 0.205078125
0 0.1474609375 0.07421875 0.03515625 0.0361328125
0 0.4423828125 0.1484375 0.04296875 0.0517578125
0 0.25390625 0.087890625 0.0478515625 0.0419921875
0 0.359375 0.154296875 0.0341796875 0.0498046875
0 0.1806640625 0.080078125 0.044921875 0.03515625
0 0.4609375 0.1669921875 0.037109375 0.046875
2 0.3935546875 0.166015625 0.0595703125 0.1103515625
1 0.53515625 0.15625 0.080078125 0.0693359375
0 0.2783203125 0.09765625 0.0439453125 0.0478515625
0 0.357421875 0.0537109375 0.029296875 0.0234375
0 0.2255859375 0.0537109375 0.03125 0.0283203125
1 0.357421875 0.0947265625 0.115234375 0.080078125
0 0.822265625 0.3359375 0.0927734375 0.099609375
0 0.3330078125 0.1298828125 0.052734375 0.0625
2 0.2724609375 0.041015625 0.0439453125 0.0498046875
0 0.4345703125 0.048828125 0.0224609375 0.029296875
0 0.5 0.126953125 0.04296875 0.033203125
0 0.3154296875 0.046875 0.0341796875 0.0234375
0 0.3720703125 0.1748046875 0.021484375 0.0517578125
1 0.029296875 0.0537109375 0.0498046875 0.048828125
0 0.3349609375 0.048828125 0.029296875 0.021484375
0 0.3095703125 0.1142578125 0.0283203125 0.033203125
0 0.4921875 0.14453125 0.037109375 0.0400390625
1 0.2021484375 0.0283203125 0.044921875 0.044921875
0 0.5205078125 0.21875 0.033203125 0.08984375
0 0.1611328125 0.0126953125 0.044921875 0.025390625
0 0.0263671875 0.5615234375 0.0517578125 0.044921875
0 0.478515625 0.158203125 0.0380859375 0.0322265625
1 0.546875 0.0390625 0.029296875 0.02734375
1 0.4677734375 0.111328125 0.052734375 0.048828125
1 0.3857421875 0.0302734375 0.0302734375 0.02734375
0 0.2490234375 0.0478515625 0.0166015625 0.0234375
0 0.4541015625 0.0517578125 0.01953125 0.0263671875
0 0.6357421875 0.03125 0.017578125 0.0185546875
1 0.4326171875 0.0302734375 0.0205078125 0.0302734375
1 0.017578125 0.0263671875 0.03515625 0.0224609375
0 0.1357421875 0.080078125 0.009765625 0.029296875
0 0.1376953125 0.0498046875 0.0146484375 0.0234375