1 0.6025390625 0.353515625 0.150390625 0.3212890625
1 0.75 0.3369140625 0.0908203125 0.2158203125
1 0.443359375 0.09765625 0.12109375 0.1142578125
1 0.2021484375 0.0458984375 0.1142578125 0.0849609375
0 0.3203125 0.4228515625 0.1357421875 0.1318359375
0 0.4326171875 0.2958984375 0.0712890625 0.10546875
2 0.396484375 0.130859375 0.0390625 0.0810546875
0 0.052734375 0.8271484375 0.1044921875 0.24609375
0 0.27734375 0.6689453125 0.232421875 0.2060546875
0 0.5 0.6484375 0.1748046875 0.2138671875
0 0.0751953125 0.623046875 0.1455078125 0.1669921875
0 0.48046875 0.4013671875 0.1005859375 0.1240234375
0 0.501953125 0.314453125 0.0595703125 0.08984375
0 0.3623046875 0.2734375 0.0654296875 0.0830078125
0 0.3837890625 0.197265625 0.0439453125 0.0732421875
0 0.6123046875 0.126953125 0.0537109375 0.0546875
0 0.3681640625 0.4921875 0.1435546875 0.16796875
0 0.45703125 0.2451171875 0.0498046875 0.0791015625
0 0.3330078125 0.0244140625 0.0322265625 0.033203125
0 0.56640625 0.1708984375 0.0791015625 0.0693359375
0 0.64453125 0.107421875 0.0341796875 0.0458984375
0 0.6708984375 0.1943359375 0.037109375 0.0576171875
0 0.294921875 0.021484375 0.048828125 0.04296875
2 0.544921875 0.1025390625 0.060546875 0.0615234375
0 0.35546875 0.09765625 0.0537109375 0.0625
0 0.453125 0.17578125 0.037109375 0.064453125
0 0.6884765625 0.162109375 0.033203125 0.0556640625
0 0.486328125 0.2060546875 0.095703125 0.0986328125
0 0.69140625 0.103515625 0.02734375 0.0419921875
0 0.5712890625 0.0302734375 0.044921875 0.03125
0 0.591796875 0.142578125 0.056640625 0.0546875
0 0.3154296875 0.1015625 0.0380859375 0.044921875
0 0.705078125 0.03515625 0.017578125 0.025390625
0 0.3173828125 0.072265625 0.044921875 0.0380859375
0 0.6767578125 0.0439453125 0.0263671875 0.0400390625
1 0.36328125 0.0673828125 0.052734375 0.056640625
0 0.017578125 0.029296875 0.0341796875 0.044921875
0 0.697265625 0.2939453125 0.033203125 0.08203125
0 0.427734375 0.0146484375 0.0283203125 0.029296875
3 0.2548828125 0.8935546875 0.1103515625 0.201171875