1 0.4228515625 0.47265625 0.2431640625 0.384765625
0 0.169921875 0.4423828125 0.1748046875 0.1650390625
0 0.1142578125 0.7568359375 0.2216796875 0.26171875
0 0.29296875 0.357421875 0.1123046875 0.119140625
0 0.076171875 0.615234375 0.150390625 0.23046875
0 0.7021484375 0.3583984375 0.0615234375 0.1123046875
1 0.5966796875 0.1767578125 0.0927734375 0.1279296875
0 0.603515625 0.427734375 0.0849609375 0.119140625
2 0.3544921875 0.255859375 0.095703125 0.1845703125
0 0.6923828125 0.2900390625 0.1162109375 0.0947265625
0 0.4580078125 0.23828125 0.05859375 0.0810546875
1 0.4072265625 0.0771484375 0.107421875 0.1005859375
1 0.1728515625 0.0361328125 0.083984375 0.0712890625
0 0.6162109375 0.3388671875 0.056640625 0.087890625
0 0.5908203125 0.28515625 0.0537109375 0.0849609375
0 0.56640625 0.2314453125 0.0537109375 0.07421875
0 0.2626953125 0.5322265625 0.0810546875 0.16796875
0 0.5185546875 0.189453125 0.05078125 0.076171875
0 0.3818359375 0.125 0.0361328125 0.0478515625
0 0.5283203125 0.3095703125 0.0732421875 0.1201171875
0 0.8798828125 0.3359375 0.20703125 0.1162109375
0 0.5341796875 0.130859375 0.05078125 0.0546875
0 0.4931640625 0.1318359375 0.0458984375 0.044921875
0 0.44140625 0.1669921875 0.06640625 0.0830078125
0 0.43359375 0.0107421875 0.0185546875 0.021484375
0 0.2978515625 0.0849609375 0.0439453125 0.0439453125
0 0.4013671875 0.185546875 0.02734375 0.044921875
0 0.5234375 0.2587890625 0.044921875 0.0458984375
0 0.3369140625 0.0966796875 0.037109375 0.04296875
0 0.5185546875 0.1572265625 0.0419921875 0.0537109375
0 0.5654296875 0.1162109375 0.044921875 0.0302734375
0 0.3310546875 0.0732421875 0.0341796875 0.0400390625
0 0.2568359375 0.044921875 0.037109375 0.0341796875
0 0.0458984375 0.0234375 0.03515625 0.041015625
0 0.2861328125 0.064453125 0.0419921875 0.044921875
0 0.3134765625 0.017578125 0.0224609375 0.0283203125
0 0.513671875 0.0947265625 0.0556640625 0.0439453125
3 0.7080078125 0.0732421875 0.0146484375 0.0380859375
0 0.0234375 0.0302734375 0.046875 0.0380859375
0 0.263671875 0.0712890625 0.0400390625 0.0439453125
0 0.314453125 0.068359375 0.03515625 0.0341796875