1 0.69921875 0.501953125 0.197265625 0.439453125
0 0.3603515625 0.6611328125 0.1611328125 0.1953125
0 0.6123046875 0.3828125 0.0556640625 0.080078125
0 0.39453125 0.2900390625 0.0712890625 0.0986328125
0 0.5791015625 0.248046875 0.05859375 0.068359375
0 0.591796875 0.4775390625 0.0654296875 0.126953125
0 0.3017578125 0.384765625 0.1123046875 0.1142578125
0 0.3173828125 0.5302734375 0.13671875 0.1474609375
0 0.609375 0.326171875 0.0546875 0.083984375
1 0.734375 0.267578125 0.240234375 0.1865234375
0 0.408203125 0.2392578125 0.05078125 0.0654296875
0 0.4013671875 0.4013671875 0.0634765625 0.109375
0 0.4736328125 0.22265625 0.04296875 0.0625
0 0.0908203125 0.642578125 0.1767578125 0.255859375
0 0.068359375 0.87890625 0.1337890625 0.2333984375
0 0.4697265625 0.271484375 0.05078125 0.0625
0 0.0947265625 0.501953125 0.181640625 0.123046875
0 0.4384765625 0.18359375 0.041015625 0.06640625
0 0.490234375 0.197265625 0.05078125 0.0732421875
0 0.6396484375 0.158203125 0.029296875 0.0400390625
1 0.5400390625 0.177734375 0.0869140625 0.109375
0 0.65625 0.126953125 0.03125 0.044921875
1 0.4296875 0.779296875 0.4296875 0.4150390625
0 0.671875 0.0849609375 0.0224609375 0.0302734375
0 0.361328125 0.15625 0.03515625 0.05078125
0 0.2021484375 0.900390625 0.2216796875 0.19140625
0 0.443359375 0.1416015625 0.0400390625 0.0498046875
0 0.275390625 0.1005859375 0.04296875 0.04296875
0 0.2392578125 0.0908203125 0.0400390625 0.037109375
0 0.1630859375 0.0869140625 0.0458984375 0.03515625
0 0.0322265625 0.0673828125 0.0390625 0.0322265625
0 0.501953125 0.1328125 0.0517578125 0.041015625
0 0.8740234375 0.380859375 0.1533203125 0.0908203125
0 0.3310546875 0.130859375 0.0556640625 0.0615234375
0 0.205078125 0.0859375 0.0439453125 0.0361328125
0 0.478515625 0.1611328125 0.0390625 0.0380859375
0 0.3642578125 0.0537109375 0.0341796875 0.025390625
0 0.1728515625 0.0498046875 0.0390625 0.0361328125
0 0.1728515625 0.0146484375 0.0390625 0.0283203125
0 0.3115234375 0.1171875 0.02734375 0.0341796875
0 0.51953125 0.1181640625 0.044921875 0.0263671875
0 0.216796875 0.0205078125 0.048828125 0.0302734375
0 0.443359375 0.0517578125 0.0166015625 0.025390625
0 0.0458984375 0.0546875 0.0302734375 0.0283203125
2 0.3056640625 0.04296875 0.04296875 0.046875
0 0.138671875 0.0751953125 0.0126953125 0.033203125
0 0.2470703125 0.0361328125 0.021484375 0.0322265625
1 0.46875 0.1123046875 0.0537109375 0.0546875
0 0.1376953125 0.056640625 0.013671875 0.0234375
0 0.546875 0.0380859375 0.0205078125 0.0234375
0 0.537109375 0.0419921875 0.015625 0.0224609375
0 0.169921875 0.068359375 0.0322265625 0.0263671875
1 0.2646484375 0.041015625 0.048828125 0.0517578125
0 0.23046875 0.0615234375 0.03515625 0.02734375
0 0.6474609375 0.029296875 0.0166015625 0.0224609375
0 0.4140625 0.1005859375 0.03515625 0.0537109375
0 0.3427734375 0.05078125 0.025390625 0.0224609375