1 0.572265625 0.2431640625 0.095703125 0.1728515625
1 0.6884765625 0.494140625 0.1787109375 0.40234375
0 0.515625 0.4609375 0.083984375 0.138671875
0 0.5693359375 0.404296875 0.0869140625 0.0966796875
0 0.3955078125 0.5546875 0.1767578125 0.1787109375
0 0.474609375 0.330078125 0.0791015625 0.0947265625
0 0.5390625 0.3447265625 0.068359375 0.0908203125
0 0.3505859375 0.486328125 0.119140625 0.1220703125
0 0.19921875 0.8046875 0.2548828125 0.3046875
0 0.3515625 0.3310546875 0.0849609375 0.09765625
0 0.2734375 0.400390625 0.1201171875 0.125
0 0.63671875 0.3125 0.060546875 0.080078125
0 0.41796875 0.3935546875 0.087890625 0.1103515625
0 0.4736328125 0.2255859375 0.048828125 0.072265625
0 0.65625 0.240234375 0.0517578125 0.068359375
0 0.4013671875 0.267578125 0.05859375 0.08984375
0 0.578125 0.501953125 0.080078125 0.12890625
1 0.5732421875 0.15625 0.111328125 0.12109375
0 0.4833984375 0.267578125 0.06640625 0.0654296875
0 0.1875 0.6513671875 0.2109375 0.177734375
0 0.1728515625 0.4931640625 0.1552734375 0.1865234375
0 0.4365234375 0.1923828125 0.0380859375 0.0615234375
0 0.4658203125 0.166015625 0.048828125 0.052734375
0 0.4912109375 0.197265625 0.052734375 0.0654296875
1 0.4326171875 0.783203125 0.4326171875 0.412109375
1 0.8916015625 0.341796875 0.1962890625 0.16796875
0 0.220703125 0.0888671875 0.0419921875 0.0400390625
0 0.041015625 0.865234375 0.0791015625 0.1943359375
0 0.423828125 0.130859375 0.0380859375 0.044921875
0 0.0654296875 0.66796875 0.126953125 0.1962890625
0 0.171875 0.0859375 0.0537109375 0.0458984375
0 0.3583984375 0.158203125 0.03515625 0.05078125
0 0.4072265625 0.2314453125 0.04296875 0.05859375
0 0.0146484375 0.064453125 0.029296875 0.03515625
0 0.044921875 0.072265625 0.03515625 0.0341796875
0 0.1396484375 0.076171875 0.0244140625 0.03515625
0 0.5185546875 0.2236328125 0.033203125 0.0869140625
1 0.7001953125 0.30859375 0.068359375 0.1171875
0 0.763671875 0.3212890625 0.07421875 0.1064453125
0 0.4794921875 0.1337890625 0.0576171875 0.048828125
0 0.369140625 0.1787109375 0.0185546875 0.0517578125
0 0.1904296875 0.0673828125 0.0458984375 0.0380859375
1 0.5322265625 0.1611328125 0.0810546875 0.0703125
0 0.328125 0.1328125 0.0556640625 0.0615234375
0 0.2333984375 0.06640625 0.0400390625 0.033203125
0 0.427734375 0.171875 0.0244140625 0.0439453125
0 0.3544921875 0.0576171875 0.037109375 0.0234375
0 0.43359375 0.052734375 0.0224609375 0.029296875
1 0.0419921875 0.0419921875 0.03515625 0.04296875
1 0.3759765625 0.037109375 0.0458984375 0.03515625
2 0.2470703125 0.0390625 0.041015625 0.0400390625
1 0.54296875 0.04296875 0.0283203125 0.02734375
1 0.158203125 0.02734375 0.0458984375 0.0439453125
0 0.1259765625 0.8466796875 0.119140625 0.205078125
0 0.025390625 0.564453125 0.05078125 0.044921875
0 0.828125 0.3349609375 0.064453125 0.1455078125
1 0.3603515625 0.09765625 0.044921875 0.0625
0 0.3037109375 0.052734375 0.0400390625 0.0166015625
3 0.69140625 0.2158203125 0.0146484375 0.0546875