1 0.53125 0.4736328125 0.2822265625 0.4541015625
1 0.20703125 0.0517578125 0.1162109375 0.087890625
1 0.46875 0.109375 0.119140625 0.12109375
1 0.7392578125 0.4482421875 0.115234375 0.2939453125
0 0.109375 0.642578125 0.216796875 0.2119140625
0 0.4541015625 0.2197265625 0.052734375 0.07421875
0 0.40625 0.3408203125 0.0869140625 0.119140625
0 0.1806640625 0.912109375 0.333984375 0.17578125
0 0.3798828125 0.2001953125 0.04296875 0.0703125
0 0.32421875 0.52734375 0.1376953125 0.1806640625
0 0.447265625 0.26953125 0.056640625 0.0791015625
0 0.369140625 0.2412109375 0.0537109375 0.080078125
0 0.3349609375 0.30859375 0.08203125 0.0986328125
0 0.2041015625 0.7294921875 0.263671875 0.23828125
0 0.6103515625 0.1298828125 0.0576171875 0.0546875
1 0.3818359375 0.0830078125 0.078125 0.0849609375
0 0.3603515625 0.1328125 0.0380859375 0.0546875
0 0.330078125 0.1162109375 0.03515625 0.0498046875
0 0.55078125 0.228515625 0.1044921875 0.0966796875
0 0.4912109375 0.33203125 0.0576171875 0.078125
0 0.625 0.0361328125 0.03515625 0.0283203125
0 0.6552734375 0.078125 0.02734375 0.046875
0 0.3359375 0.0263671875 0.0390625 0.033203125
0 0.4130859375 0.4169921875 0.0947265625 0.09765625
0 0.65625 0.158203125 0.044921875 0.056640625
0 0.673828125 0.255859375 0.0439453125 0.0751953125
0 0.3525390625 0.0927734375 0.0537109375 0.0498046875
0 0.1318359375 0.0576171875 0.037109375 0.037109375
0 0.7490234375 0.3173828125 0.1279296875 0.0888671875
2 0.392578125 0.1513671875 0.03125 0.0908203125
0 0.4228515625 0.1494140625 0.0322265625 0.0498046875
0 0.0224609375 0.0380859375 0.044921875 0.04296875
1 0.2900390625 0.021484375 0.052734375 0.04296875
0 0.705078125 0.0283203125 0.01953125 0.0224609375
0 0.279296875 0.5478515625 0.0517578125 0.1005859375
0 0.6845703125 0.12890625 0.029296875 0.0478515625
0 0.322265625 0.0693359375 0.0419921875 0.0419921875
0 0.5703125 0.037109375 0.0400390625 0.0263671875