0 0.40234375 0.5146484375 0.12109375 0.154296875
0 0.2900390625 0.490234375 0.16015625 0.1455078125
0 0.3916015625 0.38671875 0.0986328125 0.1220703125
0 0.509765625 0.5126953125 0.095703125 0.150390625
0 0.4697265625 0.396484375 0.0947265625 0.1259765625
0 0.1484375 0.7841796875 0.294921875 0.369140625
0 0.375 0.28125 0.064453125 0.083984375
0 0.60546875 0.419921875 0.068359375 0.119140625
0 0.537109375 0.3115234375 0.0654296875 0.1005859375
0 0.4326171875 0.2998046875 0.0615234375 0.08203125
1 0.634765625 0.259765625 0.0810546875 0.2197265625
0 0.4521484375 0.2080078125 0.0791015625 0.08203125
0 0.541015625 0.2216796875 0.064453125 0.068359375
1 0.1796875 0.0615234375 0.11328125 0.083984375
1 0.419921875 0.115234375 0.12109375 0.107421875
0 0.091796875 0.61328125 0.1650390625 0.1298828125
3 0.3408203125 0.3564453125 0.02734375 0.0673828125
0 0.4609375 0.25390625 0.044921875 0.0732421875
0 0.52734375 0.16015625 0.0634765625 0.05078125
0 0.5166015625 0.2568359375 0.048828125 0.080078125
1 0.3681640625 0.0263671875 0.05078125 0.05078125
0 0.583984375 0.1640625 0.0556640625 0.0537109375
0 0.38671875 0.1767578125 0.0380859375 0.0546875
2 0.384765625 0.1396484375 0.048828125 0.06640625
0 0.6357421875 0.103515625 0.0224609375 0.037109375
2 0.099609375 0.423828125 0.1923828125 0.26171875
0 0.6806640625 0.0595703125 0.0224609375 0.0263671875
0 0.6650390625 0.15625 0.025390625 0.044921875
1 0.291015625 0.037109375 0.0556640625 0.0576171875
0 0.6298828125 0.0791015625 0.0224609375 0.0302734375
0 0.5986328125 0.142578125 0.0517578125 0.0439453125
0 0.384765625 0.234375 0.0458984375 0.064453125
2 0.71875 0.2626953125 0.06640625 0.1630859375
2 0.33203125 0.033203125 0.0439453125 0.05078125
0 0.6640625 0.0712890625 0.0244140625 0.0263671875
0 0.26953125 0.1044921875 0.0419921875 0.0439453125
0 0.6904296875 0.1240234375 0.02734375 0.04296875
0 0.330078125 0.1318359375 0.04296875 0.0478515625
0 0.24609375 0.0126953125 0.0390625 0.025390625
0 0.3017578125 0.1162109375 0.03515625 0.044921875
0 0.3427734375 0.109375 0.0380859375 0.056640625
0 0.4296875 0.041015625 0.0302734375 0.0302734375
0 0.3037109375 0.08984375 0.03515625 0.0302734375
1 0.150390625 0.013671875 0.0595703125 0.0263671875
3 0.5615234375 0.0859375 0.0126953125 0.033203125
0 0.5283203125 0.1328125 0.060546875 0.0458984375
0 0.013671875 0.044921875 0.02734375 0.03515625
0 0.037109375 0.046875 0.033203125 0.033203125
0 0.537109375 0.0341796875 0.0146484375 0.0205078125