1 0.689453125 0.4921875 0.1826171875 0.4130859375
1 0.57421875 0.2314453125 0.0947265625 0.169921875
0 0.568359375 0.404296875 0.0927734375 0.1162109375
0 0.5107421875 0.4541015625 0.083984375 0.125
0 0.615234375 0.353515625 0.0556640625 0.0966796875
0 0.4716796875 0.3212890625 0.076171875 0.09375
0 0.53515625 0.560546875 0.126953125 0.142578125
0 0.537109375 0.333984375 0.068359375 0.091796875
0 0.34765625 0.4716796875 0.119140625 0.1181640625
0 0.388671875 0.55078125 0.1826171875 0.1806640625
0 0.400390625 0.259765625 0.060546875 0.0927734375
0 0.484375 0.26171875 0.068359375 0.0693359375
0 0.2724609375 0.388671875 0.1181640625 0.125
0 0.353515625 0.3212890625 0.080078125 0.095703125
0 0.1416015625 0.83984375 0.2822265625 0.310546875
0 0.412109375 0.392578125 0.087890625 0.1123046875
0 0.4365234375 0.18359375 0.0380859375 0.0595703125
0 0.47265625 0.22265625 0.05078125 0.0712890625
0 0.40625 0.2197265625 0.0478515625 0.0615234375
0 0.1708984375 0.4892578125 0.154296875 0.1904296875
1 0.580078125 0.1484375 0.123046875 0.126953125
1 0.4306640625 0.78125 0.431640625 0.412109375
0 0.4892578125 0.19140625 0.0595703125 0.07421875
1 0.7021484375 0.3125 0.083984375 0.1220703125
0 0.06640625 0.6259765625 0.1279296875 0.1474609375
0 0.283203125 0.0947265625 0.0341796875 0.044921875
0 0.44140625 0.1298828125 0.0439453125 0.0537109375
0 0.693359375 0.05859375 0.0302734375 0.02734375
0 0.146484375 0.068359375 0.03515625 0.03515625
0 0.357421875 0.1474609375 0.0361328125 0.0517578125
0 0.390625 0.166015625 0.0634765625 0.06640625
0 0.2373046875 0.08203125 0.04296875 0.0361328125
1 0.3681640625 0.0927734375 0.1015625 0.06640625
0 0.4580078125 0.162109375 0.037109375 0.046875
0 0.1884765625 0.07421875 0.044921875 0.03515625
0 0.3095703125 0.1083984375 0.0341796875 0.0361328125
1 0.04296875 0.0478515625 0.03515625 0.0458984375
0 0.357421875 0.046875 0.0361328125 0.0244140625
0 0.236328125 0.02734375 0.044921875 0.05078125
0 0.43359375 0.04296875 0.0224609375 0.0302734375
0 0.4931640625 0.12109375 0.0400390625 0.029296875
0 0.0146484375 0.0400390625 0.0283203125 0.0263671875
0 0.314453125 0.0380859375 0.0419921875 0.0263671875
2 0.271484375 0.03515625 0.0439453125 0.0537109375
0 0.513671875 0.2109375 0.0439453125 0.09375
1 0.529296875 0.1689453125 0.0888671875 0.107421875
0 0.146484375 0.03515625 0.0263671875 0.03125
0 0.42578125 0.1435546875 0.021484375 0.0361328125
0 0.6484375 0.02734375 0.0107421875 0.01953125
0 0.0087890625 0.0517578125 0.017578125 0.029296875
0 0.9736328125 0.412109375 0.048828125 0.056640625
0 0.912109375 0.349609375 0.09765625 0.0947265625
0 0.546875 0.0341796875 0.0234375 0.02734375
0 0.0234375 0.55078125 0.046875 0.046875
1 0.37890625 0.02734375 0.0419921875 0.0390625
0 0.5068359375 0.111328125 0.029296875 0.0205078125
0 0.0556640625 0.9013671875 0.1103515625 0.1962890625
0 0.4873046875 0.1416015625 0.041015625 0.0419921875
0 0.2490234375 0.064453125 0.041015625 0.0263671875
0 0.833984375 0.3408203125 0.0693359375 0.0869140625
0 0.3310546875 0.5673828125 0.0693359375 0.123046875
0 0.0302734375 0.05078125 0.013671875 0.037109375
3 0.8193359375 0.3671875 0.037109375 0.0634765625