1 0.59765625 0.63671875 0.357421875 0.6640625
0 0.59375 0.3134765625 0.0556640625 0.0859375
0 0.51953125 0.216796875 0.048828125 0.0751953125
0 0.6181640625 0.3701171875 0.0576171875 0.0927734375
0 0.2998046875 0.544921875 0.1279296875 0.1611328125
0 0.6005859375 0.44140625 0.0751953125 0.08203125
0 0.1953125 0.4638671875 0.1669921875 0.16015625
0 0.4619140625 0.2646484375 0.0576171875 0.0791015625
0 0.666015625 0.2861328125 0.0556640625 0.087890625
0 0.306640625 0.3779296875 0.10546875 0.11328125
0 0.2958984375 0.7607421875 0.2099609375 0.2373046875
0 0.11328125 0.796875 0.220703125 0.271484375
0 0.5703125 0.2587890625 0.0556640625 0.07421875
0 0.3701171875 0.1484375 0.0380859375 0.052734375
0 0.474609375 0.1884765625 0.0498046875 0.0625
0 0.078125 0.650390625 0.1513671875 0.2373046875
0 0.5361328125 0.1591796875 0.0498046875 0.052734375
0 0.4931640625 0.1640625 0.0478515625 0.0517578125
2 0.3662109375 0.2744140625 0.0927734375 0.1708984375
0 0.4580078125 0.1708984375 0.03515625 0.05859375
0 0.201171875 0.0869140625 0.0419921875 0.0400390625
1 0.59765625 0.2060546875 0.0927734375 0.1298828125
0 0.5087890625 0.126953125 0.0517578125 0.0419921875
0 0.267578125 0.10546875 0.04296875 0.0380859375
0 0.7890625 0.3369140625 0.126953125 0.11328125
0 0.4716796875 0.22265625 0.046875 0.0625
0 0.5654296875 0.146484375 0.0439453125 0.0322265625
0 0.3154296875 0.123046875 0.0419921875 0.0400390625
0 0.3076171875 0.1015625 0.037109375 0.0390625
0 0.412109375 0.1796875 0.0595703125 0.0791015625
0 0.29296875 0.8935546875 0.373046875 0.2021484375
1 0.412109375 0.109375 0.111328125 0.0966796875
0 0.28515625 0.091796875 0.0361328125 0.037109375
0 0.1689453125 0.0751953125 0.04296875 0.033203125
0 0.248046875 0.0869140625 0.048828125 0.0390625
0 0.5263671875 0.2802734375 0.0419921875 0.0263671875
0 0.3115234375 0.0576171875 0.02734375 0.02734375
0 0.3671875 0.044921875 0.0419921875 0.037109375
2 0.3515625 0.1220703125 0.04296875 0.0712890625
0 0.3232421875 0.0869140625 0.0322265625 0.0302734375
0 0.544921875 0.03515625 0.029296875 0.0263671875
1 0.0322265625 0.044921875 0.064453125 0.072265625
1 0.9208984375 0.326171875 0.1533203125 0.2333984375
0 0.5185546875 0.181640625 0.0380859375 0.0439453125
0 0.2333984375 0.017578125 0.0458984375 0.0302734375
0 0.193359375 0.044921875 0.0439453125 0.041015625
0 0.4375 0.0400390625 0.025390625 0.033203125
0 0.1904296875 0.0126953125 0.0390625 0.025390625
0 0.3935546875 0.3974609375 0.119140625 0.154296875
0 0.1513671875 0.0537109375 0.0224609375 0.0244140625
0 0.28515625 0.0712890625 0.033203125 0.0302734375