0 0.41796875 0.7607421875 0.19140625 0.2392578125
0 0.1474609375 0.5126953125 0.1826171875 0.1689453125
0 0.3349609375 0.4853515625 0.134765625 0.1396484375
0 0.70703125 0.357421875 0.1220703125 0.1005859375
0 0.2880859375 0.40625 0.1123046875 0.1123046875
0 0.466796875 0.4716796875 0.138671875 0.171875
0 0.58984375 0.47265625 0.0947265625 0.125
0 0.431640625 0.3798828125 0.095703125 0.1015625
0 0.244140625 0.634765625 0.1787109375 0.18359375
1 0.6513671875 0.09375 0.041015625 0.0732421875
0 0.513671875 0.380859375 0.0732421875 0.0908203125
0 0.453125 0.3017578125 0.0654296875 0.0908203125
1 0.17578125 0.080078125 0.0859375 0.080078125
0 0.0625 0.875 0.12109375 0.224609375
0 0.521484375 0.2431640625 0.0458984375 0.0810546875
0 0.552734375 0.3037109375 0.0595703125 0.0908203125
0 0.0517578125 0.6953125 0.1005859375 0.1796875
2 0.353515625 0.2998046875 0.09765625 0.1806640625
1 0.662109375 0.265625 0.1337890625 0.1298828125
1 0.4189453125 0.130859375 0.1220703125 0.1005859375
0 0.591796875 0.3603515625 0.052734375 0.0966796875
2 0.3857421875 0.1611328125 0.0458984375 0.0751953125
0 0.4541015625 0.2236328125 0.076171875 0.08203125
0 0.65625 0.1494140625 0.0244140625 0.0380859375
0 0.677734375 0.193359375 0.033203125 0.0537109375
1 0.0498046875 0.0361328125 0.0302734375 0.0419921875
1 0.3544921875 0.0537109375 0.0791015625 0.056640625
3 0.5087890625 0.310546875 0.021484375 0.0546875
1 0.734375 0.078125 0.01953125 0.046875
0 0.5791015625 0.1845703125 0.0498046875 0.0517578125
0 0.5029296875 0.1943359375 0.0517578125 0.0625
0 0.244140625 0.0361328125 0.0439453125 0.03125
0 0.5126953125 0.154296875 0.056640625 0.0439453125
0 0.634765625 0.1611328125 0.03125 0.052734375
0 0.2001953125 0.029296875 0.0400390625 0.0322265625
0 0.3408203125 0.126953125 0.03515625 0.0458984375
1 0.2939453125 0.056640625 0.048828125 0.0517578125
0 0.5380859375 0.18359375 0.0517578125 0.052734375
1 0.1455078125 0.033203125 0.037109375 0.0322265625
0 0.3056640625 0.1376953125 0.04296875 0.0439453125
0 0.2509765625 0.1103515625 0.0498046875 0.044921875
0 0.55078125 0.08203125 0.0400390625 0.0263671875
0 0.3984375 0.2421875 0.0341796875 0.0546875
0 0.287109375 0.1162109375 0.0439453125 0.0458984375
0 0.8447265625 0.39453125 0.0947265625 0.0888671875
0 0.025390625 0.07421875 0.05078125 0.0361328125
0 0.546875 0.1513671875 0.041015625 0.0419921875
0 0.353515625 0.1533203125 0.0341796875 0.0458984375
0 0.6875 0.1005859375 0.0224609375 0.029296875
0 0.4375 0.064453125 0.025390625 0.025390625