1 0.587890625 0.642578125 0.36328125 0.6513671875
0 0.5908203125 0.3154296875 0.0517578125 0.0869140625
0 0.5986328125 0.4423828125 0.07421875 0.0859375
0 0.45703125 0.2685546875 0.0595703125 0.078125
0 0.615234375 0.369140625 0.0576171875 0.0908203125
0 0.2919921875 0.771484375 0.205078125 0.2451171875
0 0.1904296875 0.46484375 0.1669921875 0.16015625
0 0.302734375 0.3798828125 0.1064453125 0.11328125
0 0.2939453125 0.544921875 0.1220703125 0.162109375
0 0.1103515625 0.802734375 0.21484375 0.2705078125
0 0.5673828125 0.263671875 0.05859375 0.080078125
0 0.37109375 0.154296875 0.0400390625 0.052734375
0 0.5322265625 0.1611328125 0.0498046875 0.05078125
0 0.470703125 0.2255859375 0.0458984375 0.0625
0 0.0751953125 0.662109375 0.146484375 0.25
0 0.5146484375 0.2109375 0.05078125 0.083984375
0 0.4912109375 0.16796875 0.0517578125 0.05859375
0 0.666015625 0.3115234375 0.1044921875 0.0986328125
0 0.560546875 0.1513671875 0.0439453125 0.037109375
1 0.591796875 0.208984375 0.095703125 0.1337890625
0 0.4755859375 0.193359375 0.0419921875 0.064453125
0 0.201171875 0.087890625 0.0458984375 0.0458984375
2 0.3603515625 0.2763671875 0.09375 0.1728515625
1 0.40625 0.11328125 0.1103515625 0.0986328125
0 0.275390625 0.1103515625 0.04296875 0.0439453125
0 0.314453125 0.1220703125 0.0439453125 0.046875
0 0.849609375 0.361328125 0.169921875 0.111328125
0 0.2451171875 0.095703125 0.0478515625 0.0478515625
0 0.3212890625 0.087890625 0.0361328125 0.033203125
2 0.3466796875 0.1240234375 0.0458984375 0.0751953125
2 0.1513671875 0.0625 0.05078125 0.0673828125
0 0.537109375 0.123046875 0.0400390625 0.037109375
0 0.35546875 0.048828125 0.0419921875 0.037109375
0 0.30859375 0.0595703125 0.0244140625 0.029296875
0 0.505859375 0.1298828125 0.05078125 0.044921875
0 0.0341796875 0.064453125 0.02734375 0.0302734375
0 0.5244140625 0.2822265625 0.04296875 0.0244140625
0 0.1865234375 0.0498046875 0.0322265625 0.0400390625
0 0.404296875 0.2197265625 0.017578125 0.056640625
0 0.5390625 0.0361328125 0.0263671875 0.025390625
0 0.1904296875 0.015625 0.0390625 0.0302734375
0 0.43359375 0.041015625 0.0244140625 0.03125
0 0.232421875 0.0224609375 0.041015625 0.03125
0 0.2197265625 0.9609375 0.201171875 0.07421875
2 0.921875 0.326171875 0.15625 0.2412109375
0 0.2490234375 0.0615234375 0.03515625 0.033203125
0 0.4033203125 0.541015625 0.0986328125 0.154296875
0 0.1376953125 0.4892578125 0.068359375 0.095703125