0 0.5615234375 0.220703125 0.0732421875 0.1015625
0 0.4697265625 0.14453125 0.0673828125 0.0859375
1 0.296875 0.6484375 0.578125 0.6494140625
0 0.634765625 0.033203125 0.048828125 0.0615234375
0 0.697265625 0.0654296875 0.037109375 0.07421875
2 0.384765625 0.0703125 0.0419921875 0.0947265625
0 0.498046875 0.263671875 0.07421875 0.1181640625
0 0.6279296875 0.287109375 0.0849609375 0.1181640625
0 0.3984375 0.244140625 0.0888671875 0.103515625
0 0.2998046875 0.240234375 0.0947265625 0.111328125
0 0.5029296875 0.078125 0.0673828125 0.0634765625
0 0.3671875 0.1474609375 0.0537109375 0.0830078125
0 0.4404296875 0.1904296875 0.05859375 0.0888671875
0 0.6533203125 0.2216796875 0.056640625 0.0927734375
0 0.3291015625 0.0224609375 0.0380859375 0.044921875
0 0.0869140625 0.427734375 0.1708984375 0.166015625
0 0.3984375 0.330078125 0.1435546875 0.109375
0 0.5810546875 0.08203125 0.0595703125 0.0546875
0 0.5498046875 0.1162109375 0.068359375 0.06640625
0 0.3544921875 0.0361328125 0.0302734375 0.05078125
0 0.7705078125 0.2265625 0.1259765625 0.0986328125
0 0.2763671875 0.4169921875 0.12890625 0.1044921875
0 0.5634765625 0.0546875 0.0478515625 0.0546875
0 0.4208984375 0.0361328125 0.0419921875 0.0673828125
0 0.6171875 0.068359375 0.0732421875 0.056640625
0 0.5625 0.0205078125 0.0439453125 0.041015625
1 0.5224609375 0.029296875 0.0439453125 0.05859375
0 0.5029296875 0.125 0.037109375 0.05859375
0 0.9287109375 0.2548828125 0.1337890625 0.0947265625
0 0.609375 0.0419921875 0.0537109375 0.0380859375