0 0.4775390625 0.7216796875 0.1650390625 0.2294921875
0 0.29296875 0.75390625 0.20703125 0.24609375
0 0.1103515625 0.7822265625 0.216796875 0.26953125
0 0.1708984375 0.462890625 0.1748046875 0.1669921875
0 0.306640625 0.36328125 0.1083984375 0.111328125
1 0.4580078125 0.4375 0.205078125 0.3466796875
0 0.076171875 0.6455078125 0.1474609375 0.244140625
1 0.595703125 0.1943359375 0.08984375 0.1298828125
1 0.1630859375 0.046875 0.0654296875 0.072265625
0 0.677734375 0.3017578125 0.111328125 0.095703125
2 0.3603515625 0.259765625 0.091796875 0.1767578125
0 0.296875 0.533203125 0.123046875 0.162109375
0 0.45703125 0.2509765625 0.060546875 0.0771484375
1 0.4072265625 0.09765625 0.103515625 0.103515625
1 0.6806640625 0.515625 0.146484375 0.3134765625
0 0.8427734375 0.3447265625 0.1640625 0.1142578125
0 0.6142578125 0.353515625 0.0556640625 0.0888671875
0 0.517578125 0.205078125 0.0498046875 0.076171875
0 0.58984375 0.3017578125 0.0537109375 0.087890625
2 0.3681640625 0.1162109375 0.0419921875 0.068359375
0 0.3798828125 0.142578125 0.041015625 0.052734375
1 0.279296875 0.0234375 0.0498046875 0.046875
0 0.0380859375 0.048828125 0.048828125 0.0361328125
0 0.2060546875 0.06640625 0.037109375 0.037109375
0 0.439453125 0.1845703125 0.0693359375 0.0830078125
1 0.9208984375 0.3076171875 0.154296875 0.2236328125
0 0.4931640625 0.1484375 0.0458984375 0.0458984375
0 0.5341796875 0.14453125 0.0478515625 0.05078125
0 0.5673828125 0.2451171875 0.056640625 0.07421875
3 0.6708984375 0.076171875 0.0087890625 0.0263671875
0 0.2392578125 0.08203125 0.0498046875 0.04296875
0 0.3349609375 0.1162109375 0.0400390625 0.04296875
0 0.296875 0.1025390625 0.0419921875 0.0419921875
0 0.35546875 0.0341796875 0.0419921875 0.0380859375
0 0.501953125 0.11328125 0.0458984375 0.0390625
0 0.271484375 0.08984375 0.0419921875 0.0439453125
0 0.443359375 0.02734375 0.017578125 0.0234375
0 0.5361328125 0.0224609375 0.0185546875 0.0234375
0 0.2880859375 0.076171875 0.037109375 0.03125
0 0.517578125 0.166015625 0.0380859375 0.037109375
0 0.5625 0.130859375 0.0439453125 0.0302734375
0 0.3251953125 0.0712890625 0.0341796875 0.029296875
0 0.3740234375 0.0205078125 0.0205078125 0.0185546875
0 0.5400390625 0.1083984375 0.037109375 0.0361328125
0 0.5234375 0.2666015625 0.041015625 0.0263671875