0 0.642578125 0.6435546875 0.1318359375 0.1865234375
0 0.373046875 0.4599609375 0.1259765625 0.1318359375
0 0.29296875 0.40625 0.1103515625 0.1162109375
0 0.1728515625 0.4853515625 0.1728515625 0.1650390625
0 0.5732421875 0.533203125 0.109375 0.14453125
0 0.7119140625 0.353515625 0.1298828125 0.1015625
0 0.2822265625 0.5966796875 0.1591796875 0.1767578125
0 0.06640625 0.669921875 0.12890625 0.20703125
0 0.49609375 0.4345703125 0.1142578125 0.1640625
0 0.4423828125 0.3662109375 0.083984375 0.0947265625
0 0.45703125 0.29296875 0.06640625 0.080078125
0 0.6171875 0.3984375 0.0576171875 0.103515625
0 0.072265625 0.865234375 0.138671875 0.2509765625
2 0.3564453125 0.2998046875 0.0927734375 0.1767578125
1 0.6787109375 0.080078125 0.0458984375 0.0634765625
1 0.1787109375 0.07421875 0.087890625 0.0771484375
0 0.5263671875 0.3603515625 0.064453125 0.0849609375
1 0.6240234375 0.24609375 0.111328125 0.1337890625
0 0.5615234375 0.2900390625 0.0546875 0.0830078125
1 0.419921875 0.126953125 0.123046875 0.1025390625
0 0.591796875 0.3427734375 0.05078125 0.0849609375
1 0.3603515625 0.0498046875 0.076171875 0.0556640625
1 0.0537109375 0.0322265625 0.0302734375 0.04296875
0 0.521484375 0.23828125 0.0478515625 0.0732421875
2 0.3857421875 0.1533203125 0.044921875 0.0712890625
0 0.4560546875 0.220703125 0.072265625 0.0830078125
1 0.298828125 0.052734375 0.052734375 0.0537109375
0 0.6455078125 0.1748046875 0.0322265625 0.044921875
0 0.580078125 0.1787109375 0.0517578125 0.0458984375
0 0.537109375 0.1767578125 0.0498046875 0.0498046875
0 0.5234375 0.1494140625 0.0625 0.0439453125
0 0.3955078125 0.203125 0.0361328125 0.0556640625
0 0.279296875 0.1162109375 0.0361328125 0.0458984375
0 0.0380859375 0.5732421875 0.0751953125 0.0751953125
0 0.6259765625 0.126953125 0.0244140625 0.0361328125
0 0.607421875 0.0830078125 0.041015625 0.0244140625
0 0.2509765625 0.1064453125 0.044921875 0.044921875
0 0.337890625 0.1279296875 0.041015625 0.052734375
0 0.2470703125 0.0322265625 0.0439453125 0.0322265625
0 0.8408203125 0.392578125 0.0791015625 0.083984375
0 0.6611328125 0.146484375 0.02734375 0.0439453125
0 0.203125 0.025390625 0.0390625 0.033203125
0 0.0283203125 0.0712890625 0.0556640625 0.033203125
0 0.6572265625 0.11328125 0.021484375 0.0322265625
0 0.1220703125 0.501953125 0.0771484375 0.1142578125
0 0.728515625 0.0888671875 0.017578125 0.0263671875
0 0.44140625 0.0615234375 0.029296875 0.0263671875
0 0.294921875 0.0986328125 0.0341796875 0.02734375
0 0.3037109375 0.130859375 0.044921875 0.0478515625
0 0.5576171875 0.0546875 0.0185546875 0.0244140625