1 0.685546875 0.5126953125 0.1953125 0.443359375
0 0.595703125 0.458984375 0.0732421875 0.1171875
0 0.54296875 0.5732421875 0.0927734375 0.1298828125
0 0.591796875 0.3193359375 0.056640625 0.0810546875
0 0.29296875 0.7666015625 0.2099609375 0.2333984375
0 0.3125 0.5205078125 0.09765625 0.15625
0 0.216796875 0.4580078125 0.162109375 0.15625
0 0.615234375 0.375 0.056640625 0.08203125
0 0.3154296875 0.3759765625 0.1025390625 0.11328125
0 0.109375 0.806640625 0.2158203125 0.2705078125
0 0.5048828125 0.2119140625 0.05078125 0.072265625
0 0.67578125 0.22265625 0.037109375 0.064453125
0 0.5830078125 0.2626953125 0.0712890625 0.0791015625
0 0.4697265625 0.251953125 0.0556640625 0.07421875
0 0.455078125 0.2060546875 0.046875 0.06640625
0 0.375 0.15625 0.0458984375 0.060546875
0 0.5048828125 0.1640625 0.0576171875 0.0556640625
0 0.0771484375 0.6640625 0.1494140625 0.2451171875
0 0.439453125 0.1640625 0.0576171875 0.0556640625
0 0.4599609375 0.2939453125 0.052734375 0.0537109375
0 0.669921875 0.1279296875 0.029296875 0.046875
0 0.625 0.1328125 0.0322265625 0.048828125
1 0.830078125 0.296875 0.2685546875 0.2001953125
0 0.5048828125 0.13671875 0.0615234375 0.048828125
0 0.421875 0.2431640625 0.0205078125 0.0712890625
0 0.2431640625 0.1044921875 0.037109375 0.044921875
2 0.5693359375 0.19140625 0.083984375 0.1123046875
0 0.0390625 0.0654296875 0.0400390625 0.029296875
0 0.2763671875 0.1025390625 0.041015625 0.0419921875
0 0.4501953125 0.1337890625 0.041015625 0.0458984375
0 0.5263671875 0.294921875 0.0458984375 0.044921875
0 0.0166015625 0.0703125 0.0322265625 0.0341796875
0 0.158203125 0.0830078125 0.0234375 0.0341796875
0 0.4658203125 0.1162109375 0.05078125 0.05078125
0 0.5751953125 0.0673828125 0.0380859375 0.0263671875
0 0.2138671875 0.0869140625 0.03125 0.033203125
0 0.17578125 0.0166015625 0.037109375 0.03125
0 0.3642578125 0.8056640625 0.4990234375 0.373046875
0 0.3046875 0.1279296875 0.0439453125 0.0419921875
0 0.2197265625 0.0244140625 0.044921875 0.033203125
2 0.1796875 0.0849609375 0.0478515625 0.05078125
0 0.3720703125 0.052734375 0.0419921875 0.03125
0 0.1396484375 0.078125 0.017578125 0.029296875
0 0.5390625 0.04296875 0.0224609375 0.025390625
1 0.2861328125 0.0400390625 0.080078125 0.052734375
0 0.5498046875 0.0380859375 0.0166015625 0.01953125
0 0.4423828125 0.0537109375 0.0166015625 0.025390625
1 0.7060546875 0.3203125 0.08203125 0.12109375
0 0.0546875 0.03515625 0.0166015625 0.0244140625
0 0.1728515625 0.0537109375 0.02734375 0.0283203125
0 0.1650390625 0.4736328125 0.064453125 0.1025390625
1 0.1455078125 0.0517578125 0.0302734375 0.0400390625
0 0.138671875 0.060546875 0.015625 0.0224609375