1 0.2314453125 0.0791015625 0.1142578125 0.091796875
1 0.466796875 0.1259765625 0.1005859375 0.1162109375
1 0.3720703125 0.111328125 0.0830078125 0.0966796875
1 0.42578125 0.638671875 0.455078125 0.6083984375
0 0.4677734375 0.26171875 0.0537109375 0.080078125
0 0.630859375 0.078125 0.021484375 0.0361328125
0 0.2646484375 0.5361328125 0.126953125 0.1240234375
2 0.3828125 0.181640625 0.0361328125 0.09375
0 0.3984375 0.3603515625 0.087890625 0.1103515625
0 0.23046875 0.419921875 0.1279296875 0.1279296875
0 0.439453125 0.30078125 0.0634765625 0.0859375
0 0.099609375 0.8056640625 0.1962890625 0.2802734375
0 0.3701171875 0.2236328125 0.04296875 0.068359375
0 0.673828125 0.142578125 0.0390625 0.0625
0 0.59375 0.1962890625 0.052734375 0.052734375
0 0.0166015625 0.0634765625 0.033203125 0.04296875
0 0.498046875 0.203125 0.0712890625 0.0732421875
0 0.357421875 0.1650390625 0.0244140625 0.052734375
1 0.2783203125 0.0185546875 0.0712890625 0.0361328125
1 0.365234375 0.025390625 0.0341796875 0.0380859375
2 0.5537109375 0.125 0.0458984375 0.060546875
0 0.35546875 0.275390625 0.0595703125 0.0869140625
0 0.4892578125 0.357421875 0.064453125 0.0732421875
1 0.158203125 0.0576171875 0.03515625 0.0556640625
0 0.6484375 0.3291015625 0.0546875 0.0849609375
0 0.34765625 0.041015625 0.0361328125 0.03515625
0 0.1337890625 0.08203125 0.0458984375 0.0361328125
0 0.3212890625 0.138671875 0.0390625 0.0458984375
0 0.6025390625 0.142578125 0.052734375 0.0439453125
0 0.5556640625 0.3193359375 0.0693359375 0.07421875
0 0.408203125 0.4296875 0.099609375 0.0849609375
0 0.763671875 0.3349609375 0.12890625 0.0927734375
0 0.3193359375 0.0458984375 0.021484375 0.0263671875
0 0.1220703125 0.06640625 0.037109375 0.044921875
0 0.5537109375 0.1748046875 0.048828125 0.0625
0 0.59765625 0.169921875 0.0517578125 0.0537109375
0 0.650390625 0.1806640625 0.0595703125 0.056640625
0 0.5400390625 0.2314453125 0.0673828125 0.060546875
1 0.5810546875 0.267578125 0.1123046875 0.1103515625
0 0.92578125 0.361328125 0.1396484375 0.0927734375
0 0.4609375 0.2265625 0.0693359375 0.05859375