1 0.5712890625 0.2421875 0.09765625 0.177734375
0 0.51171875 0.4658203125 0.0810546875 0.134765625
1 0.697265625 0.466796875 0.1435546875 0.380859375
0 0.5703125 0.408203125 0.0888671875 0.1025390625
0 0.3955078125 0.556640625 0.17578125 0.177734375
0 0.5830078125 0.501953125 0.0927734375 0.12890625
1 0.4765625 0.76953125 0.388671875 0.4375
0 0.4736328125 0.3310546875 0.076171875 0.09375
0 0.3505859375 0.48828125 0.1171875 0.1201171875
0 0.2001953125 0.8095703125 0.255859375 0.30078125
0 0.5390625 0.345703125 0.06640625 0.091796875
0 0.2744140625 0.4013671875 0.1181640625 0.1259765625
0 0.41796875 0.396484375 0.0869140625 0.11328125
0 0.4013671875 0.26953125 0.0615234375 0.0908203125
0 0.3505859375 0.3349609375 0.0810546875 0.09375
0 0.6435546875 0.3046875 0.0517578125 0.0810546875
0 0.65234375 0.2353515625 0.052734375 0.0654296875
0 0.171875 0.4970703125 0.1552734375 0.1875
0 0.4345703125 0.1982421875 0.0400390625 0.064453125
0 0.482421875 0.2705078125 0.0654296875 0.06640625
0 0.1875 0.6552734375 0.2138671875 0.1826171875
1 0.513671875 0.166015625 0.080078125 0.09375
1 0.564453125 0.14453125 0.115234375 0.1025390625
0 0.4541015625 0.1640625 0.0419921875 0.0537109375
0 0.0400390625 0.8681640625 0.078125 0.1923828125
0 0.4833984375 0.2197265625 0.0615234375 0.08203125
0 0.41796875 0.1337890625 0.041015625 0.048828125
0 0.064453125 0.671875 0.126953125 0.201171875
0 0.767578125 0.3203125 0.0654296875 0.099609375
0 0.1533203125 0.083984375 0.04296875 0.03515625
1 0.8818359375 0.3388671875 0.1767578125 0.1669921875
2 0.3935546875 0.169921875 0.0478515625 0.1044921875
0 0.3671875 0.1796875 0.021484375 0.0556640625
1 0.357421875 0.1025390625 0.0576171875 0.0634765625
0 0.318359375 0.130859375 0.0498046875 0.05859375
0 0.0283203125 0.07421875 0.0478515625 0.033203125
0 0.3525390625 0.15625 0.037109375 0.046875
0 0.462890625 0.1279296875 0.0517578125 0.0419921875
0 0.2412109375 0.1083984375 0.0595703125 0.044921875
0 0.1865234375 0.080078125 0.03125 0.0322265625
0 0.431640625 0.0556640625 0.0244140625 0.0302734375
1 0.3583984375 0.0478515625 0.060546875 0.048828125
0 0.2001953125 0.0927734375 0.025390625 0.0322265625
1 0.6962890625 0.2998046875 0.0654296875 0.1044921875
0 0.041015625 0.041015625 0.0322265625 0.03125
0 0.427734375 0.1728515625 0.0244140625 0.0419921875
1 0.138671875 0.0283203125 0.0263671875 0.044921875
0 0.1591796875 0.068359375 0.0361328125 0.025390625
0 0.150390625 0.0576171875 0.0244140625 0.0234375
1 0.2314453125 0.0400390625 0.0419921875 0.0341796875
0 0.1259765625 0.84765625 0.119140625 0.2060546875
0 0.0087890625 0.0478515625 0.017578125 0.025390625
0 0.0244140625 0.5693359375 0.048828125 0.04296875
0 0.17578125 0.0595703125 0.03515625 0.0263671875
1 0.2275390625 0.0771484375 0.05078125 0.064453125
0 0.2099609375 0.0556640625 0.0244140625 0.0302734375
0 0.310546875 0.05078125 0.0380859375 0.0263671875