0 0.29296875 0.4033203125 0.1123046875 0.1162109375
0 0.171875 0.4892578125 0.1728515625 0.162109375
0 0.380859375 0.455078125 0.1220703125 0.1279296875
0 0.498046875 0.4287109375 0.1123046875 0.169921875
0 0.1083984375 0.80859375 0.208984375 0.2666015625
0 0.7041015625 0.4326171875 0.064453125 0.1162109375
0 0.7021484375 0.3505859375 0.1279296875 0.1044921875
0 0.6044921875 0.4765625 0.0859375 0.12109375
0 0.4423828125 0.3662109375 0.083984375 0.0947265625
0 0.0751953125 0.658203125 0.146484375 0.2353515625
0 0.291015625 0.580078125 0.1533203125 0.16796875
0 0.455078125 0.2939453125 0.064453125 0.0791015625
1 0.1767578125 0.0791015625 0.0859375 0.080078125
1 0.6005859375 0.2294921875 0.095703125 0.1259765625
0 0.5927734375 0.337890625 0.0556640625 0.0849609375
1 0.412109375 0.130859375 0.1142578125 0.103515625
0 0.5263671875 0.3603515625 0.0634765625 0.0830078125
2 0.353515625 0.298828125 0.095703125 0.173828125
0 0.6162109375 0.3896484375 0.0576171875 0.0859375
0 0.5634765625 0.2919921875 0.0556640625 0.0810546875
0 0.4541015625 0.220703125 0.0751953125 0.080078125
2 0.380859375 0.15234375 0.041015625 0.072265625
0 0.5361328125 0.1806640625 0.052734375 0.0546875
1 0.357421875 0.0517578125 0.0751953125 0.0576171875
0 0.6689453125 0.1259765625 0.0224609375 0.0380859375
1 0.0439453125 0.03515625 0.04296875 0.0419921875
1 0.7265625 0.068359375 0.04296875 0.0478515625
0 0.8388671875 0.388671875 0.08203125 0.0869140625
1 0.298828125 0.0546875 0.052734375 0.056640625
0 0.341796875 0.1279296875 0.037109375 0.05078125
0 0.68359375 0.0947265625 0.021484375 0.0283203125
0 0.517578125 0.2421875 0.0458984375 0.0751953125
0 0.5146484375 0.1494140625 0.0595703125 0.0458984375
0 0.2802734375 0.12109375 0.037109375 0.04296875
0 0.201171875 0.0263671875 0.0380859375 0.0322265625
0 0.388671875 0.197265625 0.03515625 0.046875
0 0.6455078125 0.09375 0.021484375 0.0302734375
0 0.65625 0.10546875 0.01953125 0.03125
0 0.2451171875 0.03515625 0.0439453125 0.0341796875
0 0.251953125 0.107421875 0.0517578125 0.0458984375
0 0.56640625 0.1708984375 0.044921875 0.03515625
0 0.5537109375 0.0556640625 0.0244140625 0.0244140625
0 0.302734375 0.1328125 0.0439453125 0.044921875
0 0.4443359375 0.0634765625 0.017578125 0.0283203125
0 0.515625 0.2080078125 0.0439453125 0.0546875
0 0.6689453125 0.08203125 0.0244140625 0.0263671875
0 0.013671875 0.0537109375 0.02734375 0.021484375
3 0.5146484375 0.2734375 0.0146484375 0.0673828125
0 0.3349609375 0.10546875 0.033203125 0.0361328125
3 0.6025390625 0.1162109375 0.0126953125 0.0361328125
0 0.0283203125 0.0751953125 0.05078125 0.03515625
0 0.1181640625 0.5087890625 0.0712890625 0.1044921875
1 0.1416015625 0.0283203125 0.01953125 0.0263671875
0 0.0498046875 0.064453125 0.041015625 0.041015625
0 0.7119140625 0.0849609375 0.0185546875 0.021484375