0 0.2939453125 0.48828125 0.1298828125 0.14453125
0 0.4033203125 0.3837890625 0.1005859375 0.103515625
0 0.1416015625 0.53515625 0.1220703125 0.1669921875
0 0.376953125 0.53515625 0.177734375 0.2109375
0 0.4716796875 0.42578125 0.08984375 0.1201171875
0 0.375 0.91015625 0.3134765625 0.173828125
0 0.4453125 0.30078125 0.0654296875 0.0986328125
0 0.556640625 0.30078125 0.064453125 0.091796875
0 0.5126953125 0.34765625 0.0693359375 0.1103515625
0 0.3837890625 0.2880859375 0.05859375 0.0859375
1 0.666015625 0.162109375 0.0654296875 0.14453125
1 0.763671875 0.2939453125 0.1787109375 0.1494140625
1 0.1748046875 0.0625 0.0869140625 0.076171875
0 0.63671875 0.2470703125 0.0419921875 0.0703125
0 0.6025390625 0.3486328125 0.0576171875 0.103515625
0 0.62109375 0.2900390625 0.0517578125 0.080078125
0 0.466796875 0.259765625 0.044921875 0.072265625
1 0.4150390625 0.1171875 0.11328125 0.109375
2 0.384765625 0.1416015625 0.044921875 0.072265625
0 0.4619140625 0.2138671875 0.080078125 0.08984375
3 0.2451171875 0.4326171875 0.0712890625 0.1103515625
2 0.2744140625 0.3369140625 0.1259765625 0.2021484375
0 0.84765625 0.3779296875 0.1376953125 0.10546875
0 0.5234375 0.2607421875 0.0478515625 0.0771484375
1 0.3681640625 0.0361328125 0.06640625 0.05859375
0 0.5322265625 0.216796875 0.0498046875 0.0654296875
0 0.0244140625 0.728515625 0.0478515625 0.158203125
0 0.5390625 0.1689453125 0.0517578125 0.0537109375
0 0.390625 0.2421875 0.0439453125 0.0625
0 0.60546875 0.154296875 0.05078125 0.05078125
0 0.255859375 0.0888671875 0.0400390625 0.033203125
1 0.2939453125 0.0400390625 0.05859375 0.0546875
1 0.654296875 0.1044921875 0.0439453125 0.0546875
0 0.2451171875 0.017578125 0.04296875 0.0302734375
0 0.6943359375 0.078125 0.0224609375 0.029296875
0 0.29296875 0.0986328125 0.0380859375 0.0390625
1 0.0458984375 0.0185546875 0.029296875 0.037109375
0 0.037109375 0.05859375 0.046875 0.0380859375
0 0.537109375 0.1416015625 0.0537109375 0.044921875
0 0.345703125 0.1220703125 0.0361328125 0.0634765625
0 0.3896484375 0.19921875 0.041015625 0.0625
0 0.197265625 0.0126953125 0.03515625 0.025390625
0 0.3447265625 0.3115234375 0.0205078125 0.04296875
0 0.3193359375 0.1279296875 0.041015625 0.044921875
1 0.14453125 0.015625 0.037109375 0.0283203125
0 0.3310546875 0.087890625 0.0341796875 0.02734375
0 0.4345703125 0.048828125 0.0234375 0.03125
0 0.298828125 0.1171875 0.0380859375 0.0439453125
0 0.0126953125 0.0458984375 0.025390625 0.037109375