0 0.603515625 0.44921875 0.0869140625 0.1162109375
0 0.296875 0.5380859375 0.12109375 0.1572265625
0 0.61328125 0.359375 0.0556640625 0.087890625
0 0.5888671875 0.306640625 0.052734375 0.0859375
0 0.5146484375 0.2109375 0.048828125 0.076171875
0 0.1884765625 0.4599609375 0.166015625 0.1611328125
0 0.1083984375 0.794921875 0.216796875 0.2724609375
0 0.45703125 0.2568359375 0.060546875 0.0771484375
0 0.302734375 0.37109375 0.1044921875 0.1103515625
0 0.466796875 0.220703125 0.04296875 0.0556640625
0 0.3779296875 0.1513671875 0.0380859375 0.052734375
0 0.56640625 0.2509765625 0.0615234375 0.0751953125
0 0.5322265625 0.1533203125 0.048828125 0.0517578125
0 0.078125 0.6484375 0.1513671875 0.232421875
0 0.4921875 0.15625 0.0478515625 0.046875
0 0.4111328125 0.2509765625 0.025390625 0.08203125
1 0.1591796875 0.0556640625 0.064453125 0.0732421875
1 0.4052734375 0.103515625 0.1064453125 0.1015625
0 0.6767578125 0.3037109375 0.1123046875 0.087890625
0 0.474609375 0.185546875 0.0390625 0.0595703125
0 0.3291015625 0.1025390625 0.04296875 0.0498046875
0 0.28515625 0.708984375 0.1416015625 0.1298828125
1 0.7021484375 0.423828125 0.0947265625 0.2451171875
0 0.2119140625 0.0859375 0.0478515625 0.0400390625
0 0.5078125 0.1181640625 0.0498046875 0.0400390625
0 0.2822265625 0.10546875 0.0419921875 0.041015625
0 0.5625 0.1376953125 0.041015625 0.02734375
0 0.0283203125 0.056640625 0.0546875 0.0380859375
0 0.24609375 0.0869140625 0.0458984375 0.048828125
0 0.5380859375 0.11328125 0.037109375 0.0322265625
0 0.3564453125 0.0400390625 0.0458984375 0.0361328125
1 0.3251953125 0.744140625 0.63671875 0.4931640625
0 0.2041015625 0.0703125 0.0341796875 0.029296875
0 0.283203125 0.0859375 0.0361328125 0.0341796875
0 0.8359375 0.349609375 0.1494140625 0.1103515625
0 0.3076171875 0.048828125 0.02734375 0.02734375
0 0.439453125 0.0390625 0.0166015625 0.0244140625
0 0.5390625 0.0283203125 0.02734375 0.025390625
0 0.5224609375 0.2734375 0.0478515625 0.0263671875
0 0.955078125 0.38671875 0.08203125 0.0634765625
0 0.3310546875 0.07421875 0.0361328125 0.02734375
0 0.404296875 0.2109375 0.0166015625 0.05078125
0 0.525390625 0.2880859375 0.0712890625 0.0634765625
0 0.5146484375 0.171875 0.0400390625 0.0380859375
0 0.2861328125 0.0615234375 0.0263671875 0.0224609375
0 0.2353515625 0.013671875 0.0478515625 0.02734375
0 0.189453125 0.0107421875 0.0390625 0.021484375
0 0.4287109375 0.0283203125 0.0146484375 0.0244140625
0 0.3369140625 0.03515625 0.0166015625 0.021484375
0 0.1396484375 0.478515625 0.072265625 0.1044921875