0 0.3857421875 0.529296875 0.1748046875 0.2080078125
0 0.185546875 0.482421875 0.1318359375 0.1416015625
0 0.2900390625 0.4951171875 0.126953125 0.146484375
0 0.4091796875 0.3876953125 0.1005859375 0.099609375
0 0.5302734375 0.5712890625 0.1259765625 0.166015625
0 0.4833984375 0.416015625 0.08984375 0.1142578125
0 0.1064453125 0.8134765625 0.205078125 0.28515625
0 0.748046875 0.3681640625 0.138671875 0.1044921875
1 0.666015625 0.134765625 0.05078125 0.107421875
0 0.517578125 0.349609375 0.0673828125 0.10546875
0 0.4453125 0.2998046875 0.0634765625 0.0791015625
1 0.1728515625 0.06640625 0.0869140625 0.0810546875
0 0.55859375 0.298828125 0.05078125 0.0908203125
0 0.388671875 0.287109375 0.0576171875 0.078125
0 0.625 0.2958984375 0.0498046875 0.087890625
2 0.2998046875 0.3330078125 0.119140625 0.2060546875
1 0.64453125 0.0908203125 0.03125 0.0576171875
0 0.525390625 0.251953125 0.046875 0.080078125
1 0.416015625 0.125 0.1162109375 0.1064453125
0 0.5380859375 0.177734375 0.052734375 0.0556640625
0 0.4501953125 0.21484375 0.076171875 0.083984375
0 0.5888671875 0.1826171875 0.0556640625 0.0546875
0 0.65234375 0.2099609375 0.0400390625 0.060546875
0 0.638671875 0.240234375 0.041015625 0.064453125
1 0.3505859375 0.0458984375 0.0791015625 0.060546875
2 0.3837890625 0.1513671875 0.044921875 0.068359375
0 0.4970703125 0.1875 0.0439453125 0.060546875
0 0.388671875 0.2060546875 0.0380859375 0.0546875
0 0.587890625 0.1513671875 0.0537109375 0.0419921875
0 0.5322265625 0.1494140625 0.0556640625 0.0419921875
1 0.046875 0.0244140625 0.029296875 0.0419921875
0 0.0244140625 0.59375 0.048828125 0.140625
0 0.4638671875 0.2646484375 0.0439453125 0.072265625
0 0.521484375 0.2138671875 0.0439453125 0.064453125
1 0.2900390625 0.0478515625 0.0556640625 0.0546875
0 0.3896484375 0.2421875 0.044921875 0.05859375
0 0.3447265625 0.1220703125 0.0341796875 0.05078125
0 0.43359375 0.05859375 0.0234375 0.02734375
0 0.197265625 0.0185546875 0.0380859375 0.03125
0 0.2412109375 0.0263671875 0.0419921875 0.0322265625
0 0.30078125 0.1259765625 0.048828125 0.046875
0 0.033203125 0.0625 0.0556640625 0.0390625
0 0.2978515625 0.1025390625 0.0419921875 0.03125
3 0.44921875 0.345703125 0.05078125 0.064453125
0 0.2548828125 0.0966796875 0.044921875 0.0341796875
3 0.8251953125 0.5751953125 0.0380859375 0.1220703125
0 0.6533203125 0.1904296875 0.029296875 0.0283203125