1 0.5732421875 0.2412109375 0.095703125 0.171875
1 0.6884765625 0.5 0.181640625 0.41015625
0 0.5146484375 0.462890625 0.083984375 0.1396484375
0 0.6162109375 0.359375 0.0556640625 0.0947265625
0 0.5693359375 0.4052734375 0.0859375 0.0986328125
0 0.396484375 0.5546875 0.1767578125 0.1787109375
0 0.4755859375 0.330078125 0.0791015625 0.0966796875
0 0.3505859375 0.4873046875 0.119140625 0.1220703125
0 0.1962890625 0.8095703125 0.2568359375 0.3056640625
0 0.5390625 0.345703125 0.06640625 0.091796875
0 0.3525390625 0.3310546875 0.0830078125 0.09765625
0 0.2744140625 0.400390625 0.1201171875 0.125
0 0.4189453125 0.39453125 0.087890625 0.1103515625
0 0.65625 0.2412109375 0.0498046875 0.06640625
0 0.4013671875 0.267578125 0.05859375 0.0927734375
0 0.638671875 0.318359375 0.0576171875 0.0830078125
0 0.474609375 0.2255859375 0.048828125 0.0732421875
0 0.4384765625 0.1962890625 0.0380859375 0.0634765625
0 0.173828125 0.4931640625 0.15625 0.1826171875
1 0.578125 0.15625 0.1142578125 0.1181640625
0 0.189453125 0.6494140625 0.212890625 0.1787109375
0 0.578125 0.50390625 0.080078125 0.125
0 0.484375 0.26953125 0.0673828125 0.06640625
1 0.431640625 0.783203125 0.431640625 0.41015625
1 0.8935546875 0.3447265625 0.1630859375 0.1640625
0 0.0234375 0.0673828125 0.044921875 0.03515625
0 0.4326171875 0.1376953125 0.0380859375 0.052734375
0 0.0400390625 0.8642578125 0.0771484375 0.193359375
0 0.47265625 0.169921875 0.0478515625 0.0537109375
0 0.330078125 0.1318359375 0.0498046875 0.060546875
0 0.2109375 0.0927734375 0.056640625 0.046875
0 0.7705078125 0.3203125 0.0810546875 0.1005859375
0 0.0654296875 0.666015625 0.1279296875 0.19921875
0 0.25390625 0.095703125 0.041015625 0.0439453125
0 0.177734375 0.083984375 0.0419921875 0.037109375
0 0.5029296875 0.212890625 0.0556640625 0.083984375
1 0.7001953125 0.3173828125 0.076171875 0.123046875
1 0.5341796875 0.1650390625 0.08203125 0.080078125
0 0.3544921875 0.05859375 0.0380859375 0.0234375
0 0.1455078125 0.078125 0.0341796875 0.0341796875
0 0.3603515625 0.16015625 0.0361328125 0.0517578125
0 0.43359375 0.0537109375 0.021484375 0.0302734375
0 0.251953125 0.06640625 0.041015625 0.0302734375
0 0.490234375 0.1357421875 0.052734375 0.044921875
0 0.197265625 0.0546875 0.0390625 0.029296875
1 0.2578125 0.04296875 0.04296875 0.0439453125
0 0.3095703125 0.0537109375 0.037109375 0.0185546875
0 0.4072265625 0.23046875 0.0419921875 0.0556640625
1 0.3837890625 0.0400390625 0.0361328125 0.0400390625
0 0.1728515625 0.0302734375 0.0458984375 0.0458984375
1 0.626953125 0.029296875 0.04296875 0.0419921875
0 0.4296875 0.173828125 0.0263671875 0.046875
0 0.294921875 0.1171875 0.0458984375 0.0419921875
0 0.5380859375 0.044921875 0.0185546875 0.0263671875
0 0.025390625 0.564453125 0.05078125 0.044921875
0 0.4482421875 0.0556640625 0.0146484375 0.0234375
0 0.119140625 0.8583984375 0.1142578125 0.189453125
1 0.05078125 0.046875 0.021484375 0.0498046875
0 0.509765625 0.1201171875 0.02734375 0.021484375
0 0.2373046875 0.0517578125 0.025390625 0.0263671875
3 0.71484375 0.2392578125 0.015625 0.0615234375