1 0.6826171875 0.5078125 0.201171875 0.4326171875
0 0.609375 0.4208984375 0.064453125 0.0888671875
0 0.384765625 0.30078125 0.0712890625 0.0830078125
0 0.47265625 0.2265625 0.046875 0.0625
0 0.60546875 0.2373046875 0.05078125 0.0673828125
0 0.443359375 0.1962890625 0.0400390625 0.064453125
0 0.134765625 0.5126953125 0.18359375 0.1513671875
0 0.1484375 0.732421875 0.2333984375 0.2294921875
0 0.3232421875 0.380859375 0.1083984375 0.1220703125
0 0.6171875 0.3515625 0.056640625 0.0888671875
0 0.2890625 0.7724609375 0.2080078125 0.236328125
0 0.470703125 0.275390625 0.0576171875 0.0615234375
0 0.568359375 0.51953125 0.0654296875 0.1279296875
0 0.4931640625 0.2060546875 0.05078125 0.0712890625
1 0.783203125 0.2822265625 0.2626953125 0.1806640625
0 0.638671875 0.1875 0.0341796875 0.05859375
0 0.6865234375 0.083984375 0.0244140625 0.0322265625
0 0.478515625 0.1728515625 0.0419921875 0.0556640625
0 0.14453125 0.087890625 0.025390625 0.0361328125
0 0.3662109375 0.1640625 0.0341796875 0.05078125
1 0.4365234375 0.787109375 0.4208984375 0.40234375
0 0.6611328125 0.1318359375 0.02734375 0.037109375
0 0.6767578125 0.07421875 0.0244140625 0.0302734375
1 0.5390625 0.1826171875 0.08984375 0.1142578125
0 0.44140625 0.142578125 0.046875 0.052734375
0 0.3359375 0.13671875 0.052734375 0.0625
0 0.0361328125 0.0732421875 0.037109375 0.0302734375
0 0.27734375 0.103515625 0.0419921875 0.0439453125
2 0.404296875 0.2109375 0.052734375 0.1259765625
0 0.1865234375 0.0986328125 0.04296875 0.03515625
0 0.1669921875 0.0830078125 0.0322265625 0.0302734375
0 0.376953125 0.1328125 0.0419921875 0.0439453125
0 0.2412109375 0.09765625 0.0419921875 0.0380859375
0 0.5 0.1376953125 0.052734375 0.044921875
0 0.5224609375 0.1240234375 0.0390625 0.0263671875
0 0.2060546875 0.091796875 0.037109375 0.0361328125
0 0.1728515625 0.0166015625 0.0380859375 0.02734375
0 0.1728515625 0.0537109375 0.037109375 0.0341796875
0 0.2177734375 0.02734375 0.0478515625 0.0322265625
0 0.3095703125 0.1220703125 0.0263671875 0.03515625
0 0.7119140625 0.064453125 0.025390625 0.0244140625
1 0.3779296875 0.0380859375 0.044921875 0.029296875
1 0.298828125 0.0478515625 0.048828125 0.0478515625
1 0.2646484375 0.0439453125 0.0537109375 0.048828125
0 0.3623046875 0.0537109375 0.0400390625 0.0322265625
1 0.630859375 0.0263671875 0.048828125 0.044921875
0 0.0087890625 0.060546875 0.017578125 0.029296875
0 0.5361328125 0.0458984375 0.0166015625 0.0244140625
0 0.2451171875 0.0439453125 0.0205078125 0.037109375
0 0.4423828125 0.0537109375 0.0146484375 0.025390625
0 0.150390625 0.9853515625 0.1279296875 0.0283203125
0 0.224609375 0.0634765625 0.0361328125 0.029296875
1 0.705078125 0.3212890625 0.0810546875 0.1171875
0 0.3349609375 0.0576171875 0.0263671875 0.0205078125
1 0.46875 0.1201171875 0.0537109375 0.0546875
0 0.1435546875 0.0537109375 0.0283203125 0.0361328125
0 0.5478515625 0.0419921875 0.0185546875 0.0234375
0 0.7392578125 0.07421875 0.0166015625 0.03125