1 0.56640625 0.2431640625 0.09765625 0.1767578125
1 0.685546875 0.4912109375 0.1845703125 0.4111328125
0 0.501953125 0.482421875 0.0888671875 0.1435546875
0 0.607421875 0.3681640625 0.0595703125 0.1015625
0 0.462890625 0.33203125 0.0771484375 0.09765625
0 0.5869140625 0.4306640625 0.0712890625 0.115234375
0 0.298828125 0.609375 0.205078125 0.201171875
0 0.3466796875 0.47265625 0.1162109375 0.1103515625
0 0.5185546875 0.369140625 0.068359375 0.099609375
0 0.48046875 0.267578125 0.0654296875 0.07421875
0 0.4111328125 0.3955078125 0.087890625 0.1103515625
0 0.2705078125 0.3935546875 0.1181640625 0.123046875
0 0.349609375 0.3271484375 0.0810546875 0.0947265625
1 0.5712890625 0.154296875 0.1103515625 0.1240234375
0 0.43359375 0.189453125 0.041015625 0.0615234375
0 0.169921875 0.498046875 0.154296875 0.1875
0 0.12890625 0.8603515625 0.2529296875 0.2685546875
0 0.3984375 0.2578125 0.0595703125 0.099609375
1 0.427734375 0.7763671875 0.4287109375 0.4072265625
0 0.044921875 0.669921875 0.0888671875 0.14453125
0 0.48828125 0.19921875 0.0615234375 0.080078125
0 0.4384765625 0.1416015625 0.0439453125 0.0546875
0 0.681640625 0.068359375 0.0234375 0.025390625
1 0.6953125 0.314453125 0.0771484375 0.119140625
0 0.80078125 0.3349609375 0.08984375 0.0888671875
0 0.140625 0.08203125 0.033203125 0.0341796875
0 0.3544921875 0.154296875 0.0380859375 0.0517578125
0 0.2783203125 0.1015625 0.029296875 0.044921875
0 0.61328125 0.0634765625 0.0380859375 0.03125
0 0.6328125 0.3212890625 0.0537109375 0.076171875
1 0.029296875 0.04296875 0.0556640625 0.0732421875
0 0.3271484375 0.1298828125 0.0517578125 0.0634765625
0 0.3525390625 0.052734375 0.0322265625 0.025390625
0 0.1943359375 0.083984375 0.0439453125 0.03515625
0 0.232421875 0.0888671875 0.0400390625 0.0380859375
0 0.4931640625 0.126953125 0.04296875 0.03515625
0 0.54296875 0.04296875 0.029296875 0.025390625
0 0.0263671875 0.5791015625 0.0517578125 0.07421875
0 0.4306640625 0.0478515625 0.02734375 0.02734375
0 0.16015625 0.0771484375 0.0400390625 0.03515625
1 0.51953125 0.1689453125 0.083984375 0.0986328125
0 0.208984375 0.017578125 0.0439453125 0.0302734375
0 0.4736328125 0.1591796875 0.0361328125 0.0390625
0 0.333984375 0.044921875 0.033203125 0.0263671875
0 0.2509765625 0.03515625 0.0400390625 0.046875
0 0.4609375 0.1123046875 0.052734375 0.0517578125
0 0.013671875 0.0615234375 0.02734375 0.033203125
0 0.166015625 0.013671875 0.0390625 0.0263671875
0 0.1630859375 0.0458984375 0.0302734375 0.03515625
2 0.392578125 0.1708984375 0.05078125 0.1162109375
0 0.3046875 0.1142578125 0.02734375 0.0341796875
0 0.275390625 0.0703125 0.029296875 0.0244140625
0 0.3759765625 0.0439453125 0.0224609375 0.0234375
0 0.310546875 0.0517578125 0.03515625 0.0185546875
0 0.041015625 0.7841796875 0.08203125 0.107421875
0 0.2041015625 0.0546875 0.03125 0.025390625
0 0.7333984375 0.0712890625 0.0146484375 0.0263671875
0 0.13671875 0.0458984375 0.0283203125 0.0380859375
0 0.1298828125 0.0537109375 0.013671875 0.0234375