1 0.3935546875 0.5498046875 0.294921875 0.4248046875
0 0.1708984375 0.4765625 0.1748046875 0.1640625
0 0.115234375 0.7919921875 0.2236328125 0.267578125
0 0.2939453125 0.392578125 0.115234375 0.1123046875
0 0.0771484375 0.6474609375 0.15234375 0.2373046875
2 0.3564453125 0.28515625 0.0986328125 0.1767578125
0 0.7041015625 0.3896484375 0.0615234375 0.1083984375
1 0.5947265625 0.2099609375 0.0966796875 0.130859375
0 0.6064453125 0.45703125 0.0859375 0.1201171875
0 0.6884765625 0.322265625 0.1181640625 0.0947265625
1 0.4130859375 0.1142578125 0.115234375 0.1005859375
0 0.4580078125 0.275390625 0.060546875 0.0859375
0 0.5927734375 0.318359375 0.0556640625 0.0859375
1 0.1748046875 0.064453125 0.0830078125 0.0791015625
0 0.5244140625 0.3662109375 0.076171875 0.123046875
0 0.5712890625 0.2626953125 0.0556640625 0.0751953125
0 0.5234375 0.224609375 0.0478515625 0.076171875
0 0.8310546875 0.92578125 0.33203125 0.1416015625
2 0.373046875 0.1337890625 0.0419921875 0.07421875
0 0.6162109375 0.37109375 0.0556640625 0.0888671875
0 0.4716796875 0.228515625 0.04296875 0.056640625
1 0.3564453125 0.0361328125 0.07421875 0.05859375
0 0.44140625 0.3271484375 0.0791015625 0.052734375
1 0.291015625 0.0419921875 0.05859375 0.0576171875
0 0.5244140625 0.294921875 0.048828125 0.0537109375
0 0.865234375 0.3671875 0.1806640625 0.1142578125
0 0.4423828125 0.046875 0.0205078125 0.0283203125
0 0.251953125 0.0947265625 0.0546875 0.0458984375
0 0.53515625 0.162109375 0.05078125 0.0517578125
0 0.3017578125 0.119140625 0.04296875 0.0439453125
3 0.6923828125 0.107421875 0.0146484375 0.0361328125
0 0.0283203125 0.0625 0.0537109375 0.037109375
0 0.2861328125 0.1044921875 0.033203125 0.0439453125
0 0.2421875 0.0146484375 0.033203125 0.021484375
0 0.478515625 0.1982421875 0.0419921875 0.068359375
0 0.2744140625 0.03515625 0.0283203125 0.0361328125
0 0.5166015625 0.1884765625 0.048828125 0.0546875
0 0.5068359375 0.130859375 0.044921875 0.04296875
0 0.33984375 0.1318359375 0.037109375 0.04296875
0 0.56640625 0.150390625 0.041015625 0.03125
0 0.4326171875 0.0390625 0.013671875 0.021484375
0 0.4013671875 0.220703125 0.033203125 0.052734375
0 0.234375 0.5849609375 0.0234375 0.11328125
0 0.1171875 0.4990234375 0.068359375 0.099609375
1 0.5478515625 0.0263671875 0.0361328125 0.03515625
0 0.1982421875 0.0087890625 0.0341796875 0.017578125
3 0.7177734375 0.173828125 0.0107421875 0.05078125
0 0.3349609375 0.1025390625 0.0380859375 0.04296875