1 0.607421875 0.6396484375 0.326171875 0.580078125
0 0.591796875 0.31640625 0.056640625 0.0849609375
0 0.6171875 0.3720703125 0.0576171875 0.08984375
0 0.6005859375 0.4404296875 0.07421875 0.0830078125
0 0.466796875 0.25 0.0517578125 0.076171875
0 0.4619140625 0.2138671875 0.0458984375 0.0634765625
0 0.6796875 0.306640625 0.0478515625 0.0810546875
0 0.5126953125 0.2138671875 0.05078125 0.080078125
0 0.1943359375 0.466796875 0.1689453125 0.16015625
0 0.2958984375 0.765625 0.2119140625 0.236328125
0 0.5712890625 0.2646484375 0.0595703125 0.0791015625
0 0.2998046875 0.55078125 0.1298828125 0.1611328125
0 0.1103515625 0.8046875 0.21875 0.267578125
0 0.3056640625 0.3837890625 0.1064453125 0.11328125
0 0.6787109375 0.232421875 0.052734375 0.0830078125
0 0.328125 0.1318359375 0.041015625 0.048828125
0 0.37109375 0.162109375 0.03515625 0.0478515625
0 0.6826171875 0.1767578125 0.037109375 0.048828125
0 0.076171875 0.6591796875 0.1494140625 0.2421875
0 0.53125 0.1640625 0.05078125 0.0498046875
0 0.4814453125 0.1669921875 0.0478515625 0.05859375
0 0.4560546875 0.2958984375 0.048828125 0.05078125
0 0.4111328125 0.1845703125 0.05859375 0.08203125
1 0.876953125 0.310546875 0.23828125 0.2177734375
0 0.1787109375 0.091796875 0.0419921875 0.033203125
0 0.5 0.1337890625 0.05078125 0.0458984375
0 0.2880859375 0.8984375 0.361328125 0.197265625
1 0.595703125 0.2119140625 0.0927734375 0.130859375
0 0.5625 0.15234375 0.0400390625 0.0341796875
0 0.2529296875 0.0927734375 0.0341796875 0.037109375
2 0.373046875 0.271484375 0.0908203125 0.169921875
0 0.3193359375 0.1044921875 0.03515625 0.0439453125
0 0.2158203125 0.0869140625 0.0419921875 0.0341796875
1 0.3916015625 0.109375 0.1103515625 0.091796875
0 0.03515625 0.0703125 0.04296875 0.03125
0 0.529296875 0.294921875 0.0537109375 0.0498046875
0 0.5244140625 0.1220703125 0.044921875 0.0419921875
0 0.142578125 0.0771484375 0.0244140625 0.0302734375
0 0.3046875 0.0634765625 0.0380859375 0.0322265625
2 0.2802734375 0.1044921875 0.0458984375 0.0625
0 0.8193359375 0.3642578125 0.123046875 0.09375
0 0.3466796875 0.0498046875 0.0283203125 0.02734375
0 0.4423828125 0.0478515625 0.01953125 0.02734375
0 0.369140625 0.0478515625 0.03515625 0.0302734375
0 0.5400390625 0.0400390625 0.0244140625 0.0263671875
0 0.1796875 0.0146484375 0.037109375 0.0283203125
1 0.2705078125 0.041015625 0.0498046875 0.0546875
1 0.7138671875 0.341796875 0.078125 0.099609375
0 0.2236328125 0.0205078125 0.0458984375 0.03125
0 0.0546875 0.03515625 0.017578125 0.0283203125
1 0.6357421875 0.0205078125 0.044921875 0.041015625
1 0.4794921875 0.1103515625 0.04296875 0.0517578125
0 0.556640625 0.0390625 0.0185546875 0.025390625
1 0.5419921875 0.025390625 0.0263671875 0.029296875
0 0.1767578125 0.05078125 0.029296875 0.0400390625
0 0.435546875 0.0390625 0.0224609375 0.0224609375
0 0.2275390625 0.0576171875 0.03125 0.02734375
0 0.033203125 0.0341796875 0.0205078125 0.01953125
0 0.197265625 0.0556640625 0.0244140625 0.033203125