1 0.6875 0.494140625 0.1923828125 0.421875
1 0.5517578125 0.2568359375 0.091796875 0.197265625
0 0.5 0.4111328125 0.0810546875 0.11328125
0 0.462890625 0.330078125 0.0732421875 0.099609375
0 0.2529296875 0.6337890625 0.193359375 0.2109375
0 0.3466796875 0.4853515625 0.119140625 0.1337890625
0 0.6123046875 0.3583984375 0.05859375 0.0888671875
0 0.59765625 0.4326171875 0.068359375 0.1142578125
0 0.4140625 0.3916015625 0.0869140625 0.109375
0 0.48046875 0.2646484375 0.0634765625 0.0771484375
0 0.353515625 0.3212890625 0.0791015625 0.09375
0 0.2744140625 0.38671875 0.1201171875 0.125
0 0.4013671875 0.259765625 0.0595703125 0.09375
0 0.4560546875 0.5830078125 0.138671875 0.177734375
1 0.5947265625 0.1533203125 0.1005859375 0.1298828125
0 0.12890625 0.86328125 0.25 0.2685546875
0 0.169921875 0.4814453125 0.1533203125 0.181640625
0 0.4365234375 0.1787109375 0.0390625 0.0615234375
0 0.4072265625 0.21875 0.0458984375 0.0595703125
0 0.498046875 0.197265625 0.0712890625 0.080078125
0 0.4716796875 0.2236328125 0.0478515625 0.072265625
0 0.0458984375 0.666015625 0.091796875 0.15625
1 0.4306640625 0.7744140625 0.4287109375 0.419921875
1 0.5205078125 0.1533203125 0.083984375 0.0810546875
0 0.4423828125 0.126953125 0.04296875 0.05078125
0 0.357421875 0.1484375 0.0361328125 0.0537109375
0 0.2705078125 0.08984375 0.0380859375 0.04296875
0 0.4775390625 0.158203125 0.0439453125 0.048828125
0 0.3310546875 0.123046875 0.052734375 0.0634765625
0 0.0205078125 0.0556640625 0.041015625 0.03125
0 0.1513671875 0.0751953125 0.044921875 0.0361328125
0 0.2353515625 0.08203125 0.037109375 0.0361328125
1 0.7041015625 0.3134765625 0.0830078125 0.1201171875
0 0.3115234375 0.1083984375 0.03515625 0.0361328125
0 0.3916015625 0.166015625 0.060546875 0.064453125
0 0.2001953125 0.0771484375 0.0439453125 0.037109375
0 0.0263671875 0.568359375 0.052734375 0.07421875
0 0.3671875 0.0400390625 0.0361328125 0.0322265625
0 0.3466796875 0.0390625 0.037109375 0.02734375
0 0.0361328125 0.046875 0.037109375 0.0341796875
0 0.498046875 0.1201171875 0.046875 0.0302734375
1 0.279296875 0.0322265625 0.0615234375 0.044921875
0 0.63671875 0.31640625 0.052734375 0.076171875
0 0.537109375 0.0546875 0.02734375 0.0263671875
0 0.1669921875 0.0390625 0.0263671875 0.0322265625
0 0.32421875 0.04296875 0.0322265625 0.017578125
0 0.44140625 0.04296875 0.017578125 0.025390625
0 0.212890625 0.0126953125 0.04296875 0.025390625
0 0.134765625 0.0478515625 0.0166015625 0.0263671875
0 0.4267578125 0.1435546875 0.0244140625 0.0361328125
0 0.0361328125 0.7783203125 0.072265625 0.0947265625
1 0.9267578125 0.3271484375 0.138671875 0.1513671875
0 0.5517578125 0.03125 0.0185546875 0.025390625
0 0.53515625 0.0302734375 0.017578125 0.0185546875
1 0.46484375 0.107421875 0.0556640625 0.0537109375
0 0.1708984375 0.009765625 0.041015625 0.01953125
0 0.189453125 0.044921875 0.0224609375 0.029296875
0 0.3701171875 0.119140625 0.044921875 0.0400390625
0 0.533203125 0.0439453125 0.015625 0.0166015625
0 0.64453125 0.0234375 0.0166015625 0.0205078125