1 0.59765625 0.640625 0.3564453125 0.654296875
0 0.591796875 0.310546875 0.0517578125 0.0849609375
0 0.603515625 0.43359375 0.076171875 0.08203125
0 0.5185546875 0.21484375 0.0478515625 0.0703125
0 0.6181640625 0.3662109375 0.0556640625 0.0908203125
0 0.4619140625 0.2607421875 0.056640625 0.0751953125
0 0.306640625 0.3759765625 0.10546875 0.1103515625
0 0.1953125 0.462890625 0.1689453125 0.1611328125
0 0.2998046875 0.54296875 0.126953125 0.16015625
0 0.1123046875 0.7958984375 0.2216796875 0.26953125
0 0.294921875 0.7587890625 0.2080078125 0.2314453125
0 0.4716796875 0.2275390625 0.046875 0.0615234375
0 0.3701171875 0.146484375 0.0380859375 0.05078125
0 0.533203125 0.158203125 0.05078125 0.0556640625
0 0.66796875 0.30078125 0.09375 0.0966796875
0 0.0771484375 0.6484375 0.1513671875 0.2373046875
0 0.4794921875 0.1865234375 0.0439453125 0.064453125
0 0.4931640625 0.1591796875 0.044921875 0.0478515625
0 0.568359375 0.2548828125 0.0556640625 0.0791015625
0 0.23828125 0.091796875 0.0380859375 0.0439453125
0 0.4150390625 0.255859375 0.0244140625 0.072265625
1 0.595703125 0.205078125 0.09375 0.1298828125
0 0.564453125 0.142578125 0.04296875 0.0302734375
0 0.830078125 0.3525390625 0.15234375 0.1162109375
0 0.2783203125 0.908203125 0.3408203125 0.173828125
0 0.3173828125 0.1171875 0.044921875 0.044921875
0 0.5107421875 0.1240234375 0.052734375 0.04296875
0 0.279296875 0.103515625 0.041015625 0.0458984375
0 0.193359375 0.0830078125 0.0498046875 0.0419921875
0 0.1650390625 0.072265625 0.0400390625 0.0341796875
0 0.5166015625 0.1796875 0.041015625 0.0458984375
1 0.0419921875 0.0439453125 0.046875 0.0693359375
0 0.5244140625 0.27734375 0.041015625 0.0263671875
0 0.32421875 0.083984375 0.0341796875 0.0283203125
0 0.4345703125 0.19140625 0.06640625 0.08203125
0 0.3095703125 0.052734375 0.0263671875 0.0302734375
0 0.5439453125 0.119140625 0.03125 0.033203125
0 0.359375 0.0439453125 0.041015625 0.0361328125
0 0.30859375 0.0966796875 0.0302734375 0.0302734375
0 0.5419921875 0.03125 0.0263671875 0.0263671875
0 0.408203125 0.2119140625 0.0166015625 0.0517578125
0 0.2861328125 0.083984375 0.0341796875 0.0283203125
0 0.2607421875 0.08203125 0.03515625 0.0322265625
0 0.1884765625 0.044921875 0.0322265625 0.0419921875
3 0.6220703125 0.1416015625 0.0107421875 0.0341796875
0 0.431640625 0.0390625 0.0146484375 0.029296875
0 0.2861328125 0.0634765625 0.033203125 0.0263671875
1 0.9208984375 0.3212890625 0.15234375 0.23046875
0 0.2333984375 0.015625 0.0419921875 0.0283203125
0 0.443359375 0.041015625 0.0146484375 0.0263671875
0 0.40625 0.2763671875 0.0126953125 0.076171875
0 0.1923828125 0.0126953125 0.041015625 0.025390625
0 0.4375 0.142578125 0.029296875 0.02734375
0 0.4609375 0.15625 0.025390625 0.025390625
0 0.21484375 0.05078125 0.029296875 0.029296875
0 0.3828125 0.3916015625 0.1005859375 0.169921875
0 0.1611328125 0.044921875 0.033203125 0.0419921875