1 0.6884765625 0.4853515625 0.1845703125 0.41796875
1 0.5693359375 0.232421875 0.095703125 0.1708984375
0 0.5068359375 0.4658203125 0.0830078125 0.13671875
0 0.6123046875 0.3564453125 0.056640625 0.0986328125
0 0.5771484375 0.4111328125 0.08203125 0.11328125
0 0.4658203125 0.3232421875 0.0771484375 0.095703125
0 0.3330078125 0.58984375 0.2021484375 0.193359375
0 0.4814453125 0.265625 0.0673828125 0.076171875
0 0.5283203125 0.349609375 0.0673828125 0.0986328125
0 0.474609375 0.220703125 0.0537109375 0.0703125
0 0.271484375 0.3876953125 0.119140625 0.1259765625
0 0.3984375 0.2666015625 0.0595703125 0.087890625
0 0.3515625 0.3232421875 0.080078125 0.095703125
0 0.3486328125 0.4599609375 0.119140625 0.0986328125
0 0.1318359375 0.8544921875 0.2607421875 0.2841796875
0 0.412109375 0.390625 0.0869140625 0.1103515625
1 0.5283203125 0.177734375 0.087890625 0.1298828125
1 0.5859375 0.1513671875 0.1181640625 0.12890625
1 0.4267578125 0.783203125 0.4287109375 0.4130859375
0 0.1708984375 0.490234375 0.154296875 0.1904296875
0 0.4365234375 0.1845703125 0.0380859375 0.0595703125
0 0.404296875 0.220703125 0.046875 0.064453125
0 0.052734375 0.6513671875 0.1044921875 0.1396484375
0 0.453125 0.1552734375 0.04296875 0.0517578125
0 0.439453125 0.126953125 0.041015625 0.0458984375
0 0.63671875 0.0595703125 0.037109375 0.029296875
0 0.28125 0.095703125 0.03125 0.0458984375
0 0.6337890625 0.3154296875 0.0537109375 0.076171875
0 0.38671875 0.1650390625 0.0615234375 0.0654296875
0 0.35546875 0.1484375 0.0361328125 0.05078125
0 0.1396484375 0.0712890625 0.0283203125 0.0361328125
0 0.3291015625 0.123046875 0.0498046875 0.0625
0 0.4755859375 0.1572265625 0.0390625 0.0439453125
0 0.7734375 0.3173828125 0.0693359375 0.0859375
0 0.1591796875 0.0693359375 0.0361328125 0.03515625
0 0.30859375 0.1103515625 0.0341796875 0.037109375
0 0.4912109375 0.1220703125 0.041015625 0.033203125
0 0.05859375 0.7548828125 0.1162109375 0.12109375
1 0.6962890625 0.310546875 0.076171875 0.1220703125
0 0.7119140625 0.05859375 0.0224609375 0.025390625
0 0.234375 0.08203125 0.0390625 0.037109375
0 0.1953125 0.0771484375 0.04296875 0.0361328125
0 0.3115234375 0.0478515625 0.0390625 0.0263671875
0 0.353515625 0.0458984375 0.0361328125 0.025390625
0 0.4326171875 0.04296875 0.0224609375 0.02734375
0 0.025390625 0.5654296875 0.0498046875 0.0654296875
2 0.2705078125 0.03515625 0.052734375 0.048828125
1 0.0439453125 0.05078125 0.0302734375 0.0478515625
0 0.5322265625 0.0361328125 0.0166015625 0.025390625
0 0.4892578125 0.1787109375 0.044921875 0.0439453125
0 0.3349609375 0.0361328125 0.0361328125 0.021484375
0 0.0263671875 0.0390625 0.0244140625 0.0341796875
0 0.0107421875 0.0556640625 0.021484375 0.033203125
0 0.423828125 0.1435546875 0.021484375 0.0380859375
0 0.16015625 0.041015625 0.02734375 0.033203125
0 0.2080078125 0.013671875 0.044921875 0.0263671875
0 0.5546875 0.0361328125 0.01171875 0.01953125
1 0.0087890625 0.0224609375 0.017578125 0.044921875
0 0.5068359375 0.1103515625 0.025390625 0.01953125
2 0.13671875 0.0380859375 0.025390625 0.0390625
0 0.37109375 0.0361328125 0.0263671875 0.021484375
0 0.046875 0.0185546875 0.0185546875 0.01953125