0 0.1103515625 0.7841796875 0.2197265625 0.26953125
0 0.1796875 0.462890625 0.1728515625 0.1640625
1 0.4560546875 0.4423828125 0.205078125 0.353515625
0 0.3056640625 0.365234375 0.107421875 0.11328125
0 0.306640625 0.7060546875 0.1826171875 0.146484375
1 0.595703125 0.193359375 0.091796875 0.12890625
0 0.0771484375 0.642578125 0.150390625 0.2353515625
2 0.3623046875 0.26171875 0.0908203125 0.177734375
0 0.6826171875 0.294921875 0.111328125 0.0849609375
0 0.298828125 0.5322265625 0.125 0.1611328125
1 0.40625 0.0966796875 0.1025390625 0.1005859375
1 0.705078125 0.447265625 0.1142578125 0.2666015625
1 0.1630859375 0.0498046875 0.068359375 0.0712890625
0 0.591796875 0.30078125 0.056640625 0.0888671875
0 0.4580078125 0.25 0.0595703125 0.078125
0 0.8447265625 0.3408203125 0.162109375 0.11328125
0 0.6162109375 0.3486328125 0.056640625 0.087890625
2 0.3701171875 0.1171875 0.04296875 0.0712890625
0 0.517578125 0.2041015625 0.048828125 0.076171875
0 0.568359375 0.244140625 0.056640625 0.076171875
0 0.478515625 0.1787109375 0.041015625 0.0673828125
0 0.494140625 0.1494140625 0.048828125 0.05078125
0 0.46875 0.208984375 0.037109375 0.0478515625
0 0.35546875 0.0341796875 0.04296875 0.0390625
0 0.5341796875 0.14453125 0.0498046875 0.05078125
0 0.3349609375 0.1162109375 0.041015625 0.0439453125
0 0.27734375 0.0244140625 0.046875 0.0478515625
2 0.923828125 0.3056640625 0.1513671875 0.2255859375
0 0.2978515625 0.103515625 0.04296875 0.0419921875
0 0.5380859375 0.0205078125 0.021484375 0.025390625
0 0.041015625 0.0517578125 0.0458984375 0.037109375
0 0.5361328125 0.107421875 0.04296875 0.0390625
0 0.3330078125 0.0927734375 0.0400390625 0.044921875
0 0.25 0.0791015625 0.048828125 0.044921875
0 0.5078125 0.1142578125 0.0498046875 0.044921875
0 0.517578125 0.16796875 0.0400390625 0.044921875
0 0.1630859375 0.720703125 0.115234375 0.1455078125
0 0.375 0.021484375 0.021484375 0.0185546875
0 0.283203125 0.080078125 0.0322265625 0.03515625
0 0.32421875 0.0712890625 0.033203125 0.029296875
2 0.4931640625 0.09375 0.03125 0.05078125
0 0.1279296875 0.4853515625 0.07421875 0.1015625