1 0.3447265625 0.6298828125 0.359375 0.4892578125
0 0.0869140625 0.814453125 0.171875 0.26953125
0 0.29296875 0.408203125 0.1123046875 0.1123046875
0 0.171875 0.4970703125 0.17578125 0.158203125
0 0.080078125 0.669921875 0.1552734375 0.228515625
0 0.607421875 0.48046875 0.0849609375 0.119140625
1 0.59765625 0.2294921875 0.09375 0.1259765625
2 0.3583984375 0.3037109375 0.099609375 0.177734375
0 0.7060546875 0.4091796875 0.0625 0.107421875
0 0.6962890625 0.34375 0.1201171875 0.099609375
0 0.9306640625 0.890625 0.130859375 0.2099609375
0 0.4580078125 0.294921875 0.0625 0.0791015625
0 0.59375 0.3388671875 0.0546875 0.0849609375
1 0.41796875 0.1318359375 0.1201171875 0.0986328125
1 0.173828125 0.083984375 0.0810546875 0.0791015625
0 0.6181640625 0.388671875 0.0556640625 0.0908203125
0 0.4443359375 0.353515625 0.083984375 0.0654296875
0 0.5234375 0.2412109375 0.0478515625 0.0703125
0 0.5244140625 0.3310546875 0.048828125 0.0693359375
0 0.5693359375 0.283203125 0.0576171875 0.0771484375
0 0.5068359375 0.4140625 0.099609375 0.134765625
2 0.373046875 0.15234375 0.04296875 0.0703125
0 0.47265625 0.2607421875 0.044921875 0.072265625
1 0.3564453125 0.0556640625 0.0751953125 0.0556640625
0 0.537109375 0.1806640625 0.0498046875 0.052734375
1 0.294921875 0.0595703125 0.0458984375 0.052734375
0 0.2900390625 0.125 0.0341796875 0.044921875
0 0.892578125 0.39453125 0.1982421875 0.12109375
0 0.201171875 0.0341796875 0.0390625 0.0322265625
0 0.244140625 0.0390625 0.04296875 0.0322265625
0 0.25 0.1142578125 0.0517578125 0.0458984375
0 0.4443359375 0.2197265625 0.0673828125 0.0830078125
0 0.3408203125 0.13671875 0.0390625 0.0537109375
0 0.537109375 0.142578125 0.04296875 0.0361328125
0 0.5654296875 0.169921875 0.044921875 0.0302734375
0 0.716796875 0.087890625 0.021484375 0.0263671875
0 0.4453125 0.0634765625 0.015625 0.0263671875
0 0.4033203125 0.2412109375 0.03125 0.0537109375
0 0.51953125 0.2021484375 0.0380859375 0.041015625
0 0.029296875 0.0830078125 0.0498046875 0.03515625
0 0.4326171875 0.0595703125 0.01171875 0.0224609375
0 0.5458984375 0.056640625 0.0302734375 0.025390625