0 0.3974609375 0.3916015625 0.1044921875 0.109375
0 0.2890625 0.490234375 0.1279296875 0.1396484375
0 0.1318359375 0.5576171875 0.12109375 0.169921875
0 0.46484375 0.4365234375 0.08984375 0.12109375
0 0.3603515625 0.55078125 0.177734375 0.2177734375
0 0.5703125 0.4599609375 0.080078125 0.134765625
3 0.177734375 0.455078125 0.0595703125 0.080078125
1 0.6435546875 0.1875 0.068359375 0.158203125
0 0.5478515625 0.3056640625 0.0595703125 0.091796875
0 0.439453125 0.302734375 0.0625 0.09375
0 0.5029296875 0.3544921875 0.0732421875 0.1103515625
0 0.53125 0.224609375 0.0615234375 0.068359375
1 0.17578125 0.0732421875 0.10546875 0.0810546875
0 0.376953125 0.2919921875 0.060546875 0.08203125
2 0.2685546875 0.33984375 0.1279296875 0.2041015625
0 0.595703125 0.3349609375 0.056640625 0.091796875
1 0.771484375 0.30078125 0.1796875 0.1552734375
1 0.4208984375 0.1220703125 0.119140625 0.1044921875
0 0.4560546875 0.216796875 0.078125 0.087890625
2 0.3818359375 0.1484375 0.04296875 0.0693359375
0 0.517578125 0.2607421875 0.0458984375 0.0791015625
0 0.654296875 0.095703125 0.0263671875 0.0263671875
0 0.6298828125 0.2939453125 0.044921875 0.0849609375
0 0.4619140625 0.263671875 0.0458984375 0.0771484375
1 0.3642578125 0.0400390625 0.0673828125 0.05859375
0 0.2919921875 0.123046875 0.0380859375 0.046875
0 0.58203125 0.171875 0.05078125 0.052734375
0 0.53125 0.1689453125 0.0537109375 0.0517578125
3 0.5908203125 0.2333984375 0.0146484375 0.044921875
0 0.384765625 0.2275390625 0.041015625 0.0634765625
0 0.2548828125 0.0947265625 0.044921875 0.03515625
1 0.29296875 0.0478515625 0.0615234375 0.056640625
0 0.6005859375 0.14453125 0.05078125 0.0498046875
0 0.2392578125 0.025390625 0.0439453125 0.0322265625
0 0.529296875 0.142578125 0.056640625 0.04296875
1 0.6875 0.146484375 0.0341796875 0.0791015625
0 0.1962890625 0.0185546875 0.0400390625 0.033203125
0 0.0302734375 0.06640625 0.0478515625 0.0400390625
0 0.2744140625 0.0400390625 0.0302734375 0.0380859375
0 0.3095703125 0.1328125 0.0439453125 0.046875
1 0.0439453125 0.02734375 0.0185546875 0.037109375
0 0.3427734375 0.1171875 0.037109375 0.0498046875
0 0.2919921875 0.0986328125 0.0361328125 0.02734375
0 0.32421875 0.091796875 0.03515625 0.029296875
0 0.7109375 0.068359375 0.0224609375 0.02734375
0 0.4287109375 0.048828125 0.0263671875 0.03125