1 0.560546875 0.2451171875 0.0986328125 0.185546875
1 0.6875 0.4912109375 0.1845703125 0.4111328125
0 0.513671875 0.375 0.072265625 0.10546875
0 0.4609375 0.3291015625 0.0732421875 0.0986328125
0 0.2783203125 0.6201171875 0.2001953125 0.205078125
0 0.4970703125 0.5078125 0.1015625 0.154296875
0 0.345703125 0.48046875 0.1181640625 0.1240234375
0 0.595703125 0.4326171875 0.0673828125 0.1142578125
0 0.4755859375 0.2216796875 0.0556640625 0.07421875
0 0.3984375 0.2646484375 0.060546875 0.0869140625
0 0.48046875 0.2646484375 0.0634765625 0.07421875
0 0.271484375 0.3896484375 0.1171875 0.125
0 0.412109375 0.3876953125 0.08984375 0.1142578125
0 0.3515625 0.322265625 0.080078125 0.0947265625
0 0.6669921875 0.2177734375 0.041015625 0.0634765625
0 0.126953125 0.861328125 0.2509765625 0.2685546875
0 0.1708984375 0.4912109375 0.154296875 0.1884765625
1 0.4306640625 0.775390625 0.427734375 0.4140625
1 0.5771484375 0.1474609375 0.1142578125 0.1240234375
0 0.4365234375 0.1845703125 0.037109375 0.0595703125
0 0.404296875 0.220703125 0.0478515625 0.0625
1 0.5283203125 0.1650390625 0.0849609375 0.103515625
0 0.0458984375 0.6669921875 0.091796875 0.154296875
0 0.662109375 0.0693359375 0.021484375 0.0302734375
0 0.439453125 0.1259765625 0.0419921875 0.044921875
1 0.6962890625 0.310546875 0.0810546875 0.1201171875
0 0.453125 0.1552734375 0.044921875 0.0546875
0 0.3291015625 0.1240234375 0.0517578125 0.0634765625
0 0.146484375 0.076171875 0.041015625 0.0341796875
0 0.28125 0.095703125 0.0302734375 0.0458984375
0 0.591796875 0.05859375 0.0400390625 0.0302734375
0 0.4755859375 0.15625 0.0380859375 0.0419921875
0 0.35546875 0.1494140625 0.0361328125 0.0498046875
0 0.2353515625 0.083984375 0.0400390625 0.0380859375
0 0.1640625 0.0712890625 0.0341796875 0.0341796875
0 0.4912109375 0.123046875 0.041015625 0.03515625
0 0.251953125 0.02734375 0.041015625 0.0439453125
0 0.1982421875 0.0771484375 0.04296875 0.0361328125
0 0.6337890625 0.31640625 0.05078125 0.0751953125
0 0.3095703125 0.109375 0.0341796875 0.0361328125
0 0.3583984375 0.044921875 0.0419921875 0.03125
0 0.0263671875 0.5693359375 0.0517578125 0.07421875
0 0.431640625 0.04296875 0.025390625 0.02734375
0 0.1640625 0.0400390625 0.029296875 0.0361328125
0 0.3916015625 0.1630859375 0.07421875 0.068359375
0 0.3125 0.0478515625 0.041015625 0.025390625
0 0.2119140625 0.013671875 0.044921875 0.02734375
0 0.8193359375 0.3408203125 0.07421875 0.08203125
0 0.009765625 0.0458984375 0.01953125 0.037109375
1 0.0439453125 0.0517578125 0.029296875 0.0458984375
0 0.33984375 0.0390625 0.0341796875 0.0244140625
0 0.5390625 0.033203125 0.0283203125 0.0283203125
0 0.4248046875 0.1435546875 0.021484375 0.0361328125
0 0.03515625 0.78125 0.0693359375 0.0947265625
0 0.021484375 0.0556640625 0.0185546875 0.0322265625
0 0.2734375 0.0654296875 0.03125 0.021484375
0 0.18359375 0.044921875 0.02734375 0.0322265625
0 0.5078125 0.109375 0.0244140625 0.01953125
0 0.166015625 0.009765625 0.0390625 0.01953125
0 0.138671875 0.0390625 0.029296875 0.0390625
0 0.642578125 0.0224609375 0.0166015625 0.0234375
0 0.365234375 0.1689453125 0.017578125 0.0517578125
0 0.3759765625 0.123046875 0.0595703125 0.0537109375