1 0.556640625 0.2548828125 0.091796875 0.1904296875
1 0.6875 0.4970703125 0.189453125 0.4169921875
0 0.26171875 0.6298828125 0.197265625 0.2080078125
0 0.509765625 0.3896484375 0.0751953125 0.109375
0 0.4609375 0.3330078125 0.0732421875 0.0986328125
0 0.3447265625 0.486328125 0.1181640625 0.1328125
0 0.59765625 0.435546875 0.068359375 0.1142578125
0 0.482421875 0.5439453125 0.123046875 0.169921875
0 0.4140625 0.392578125 0.087890625 0.1103515625
0 0.48046875 0.2666015625 0.0615234375 0.076171875
0 0.353515625 0.3232421875 0.0791015625 0.09375
0 0.2744140625 0.3955078125 0.1171875 0.125
0 0.126953125 0.865234375 0.2490234375 0.265625
0 0.169921875 0.490234375 0.154296875 0.185546875
0 0.4716796875 0.2265625 0.048828125 0.0703125
0 0.400390625 0.263671875 0.0595703125 0.0888671875
1 0.58203125 0.1513671875 0.111328125 0.123046875
0 0.6748046875 0.25 0.048828125 0.0625
0 0.404296875 0.2255859375 0.0478515625 0.0625
1 0.4326171875 0.7734375 0.431640625 0.4140625
0 0.046875 0.6689453125 0.09375 0.1533203125
0 0.4375 0.1884765625 0.0400390625 0.0625
0 0.4921875 0.193359375 0.0673828125 0.078125
0 0.44140625 0.1318359375 0.04296875 0.05078125
1 0.3505859375 0.0947265625 0.1162109375 0.0966796875
1 0.5322265625 0.15625 0.0810546875 0.0791015625
0 0.0166015625 0.0556640625 0.033203125 0.037109375
0 0.654296875 0.0810546875 0.01953125 0.03125
0 0.564453125 0.05859375 0.0419921875 0.0302734375
0 0.2841796875 0.0986328125 0.03125 0.044921875
0 0.2353515625 0.0859375 0.0419921875 0.037109375
0 0.1494140625 0.080078125 0.0419921875 0.0361328125
1 0.69921875 0.3134765625 0.0830078125 0.119140625
0 0.4501953125 0.1552734375 0.0439453125 0.0546875
0 0.4775390625 0.158203125 0.0419921875 0.044921875
0 0.201171875 0.0810546875 0.04296875 0.0361328125
0 0.8779296875 0.3603515625 0.13671875 0.0751953125
0 0.1669921875 0.072265625 0.0361328125 0.0341796875
1 0.0390625 0.037109375 0.0439453125 0.064453125
0 0.4970703125 0.125 0.044921875 0.037109375
0 0.373046875 0.169921875 0.0263671875 0.0556640625
0 0.0263671875 0.5712890625 0.052734375 0.076171875
0 0.435546875 0.0458984375 0.0244140625 0.02734375
0 0.6337890625 0.318359375 0.056640625 0.072265625
0 0.3642578125 0.0517578125 0.037109375 0.0263671875
0 0.2138671875 0.0146484375 0.0439453125 0.0283203125
0 0.1669921875 0.04296875 0.0283203125 0.03515625
0 0.3466796875 0.041015625 0.0322265625 0.0244140625
0 0.3134765625 0.05078125 0.0361328125 0.0234375
0 0.2548828125 0.0302734375 0.0400390625 0.044921875
0 0.30859375 0.109375 0.0283203125 0.0322265625
0 0.037109375 0.78515625 0.07421875 0.10546875
0 0.16796875 0.0107421875 0.03515625 0.021484375
0 0.3984375 0.1875 0.0498046875 0.07421875
0 0.5458984375 0.033203125 0.02734375 0.0322265625
1 0.62890625 0.0205078125 0.05078125 0.041015625
0 0.1396484375 0.0419921875 0.0283203125 0.037109375
0 0.2783203125 0.072265625 0.0283203125 0.0244140625
0 0.505859375 0.11328125 0.0341796875 0.021484375
2 0.28125 0.0361328125 0.0498046875 0.046875
1 0.466796875 0.107421875 0.0556640625 0.05078125