1 0.6923828125 0.5087890625 0.1923828125 0.4384765625
0 0.59375 0.470703125 0.0703125 0.123046875
0 0.345703125 0.3486328125 0.0888671875 0.10546875
0 0.2900390625 0.7705078125 0.208984375 0.2314453125
0 0.248046875 0.439453125 0.1513671875 0.1474609375
0 0.4716796875 0.232421875 0.0478515625 0.06640625
0 0.6279296875 0.23046875 0.046875 0.07421875
0 0.5390625 0.5771484375 0.091796875 0.1181640625
0 0.46484375 0.283203125 0.056640625 0.060546875
0 0.1123046875 0.7900390625 0.2197265625 0.26171875
0 0.578125 0.2880859375 0.0458984375 0.08203125
0 0.6162109375 0.365234375 0.0576171875 0.0927734375
0 0.6669921875 0.1689453125 0.0322265625 0.048828125
0 0.498046875 0.205078125 0.0478515625 0.072265625
0 0.669921875 0.1015625 0.025390625 0.0380859375
1 0.7998046875 0.30078125 0.265625 0.2158203125
0 0.6318359375 0.09375 0.0263671875 0.0361328125
0 0.4404296875 0.189453125 0.0458984375 0.0703125
1 0.431640625 0.787109375 0.42578125 0.40625
1 0.544921875 0.1845703125 0.091796875 0.111328125
0 0.072265625 0.544921875 0.142578125 0.115234375
0 0.4833984375 0.1708984375 0.044921875 0.0537109375
0 0.3408203125 0.1376953125 0.052734375 0.0625
0 0.078125 0.6650390625 0.150390625 0.2236328125
2 0.3916015625 0.2412109375 0.0712890625 0.154296875
0 0.439453125 0.1396484375 0.0478515625 0.0517578125
0 0.1748046875 0.091796875 0.0419921875 0.0361328125
0 0.04296875 0.06640625 0.0400390625 0.041015625
0 0.279296875 0.1005859375 0.0390625 0.046875
0 0.65625 0.0693359375 0.0322265625 0.025390625
0 0.2470703125 0.109375 0.04296875 0.0390625
0 0.5244140625 0.28125 0.0478515625 0.0341796875
0 0.2080078125 0.0869140625 0.0380859375 0.03515625
0 0.50390625 0.1337890625 0.0576171875 0.041015625
0 0.0185546875 0.0595703125 0.037109375 0.0302734375
0 0.3154296875 0.1201171875 0.037109375 0.0380859375
0 0.521484375 0.1201171875 0.0400390625 0.0244140625
0 0.171875 0.0146484375 0.0390625 0.029296875
0 0.38671875 0.166015625 0.0380859375 0.01953125
0 0.2158203125 0.0244140625 0.044921875 0.03125
1 0.1435546875 0.0576171875 0.0283203125 0.0615234375
1 0.2783203125 0.0419921875 0.0751953125 0.0537109375
0 0.357421875 0.0546875 0.0361328125 0.0263671875
0 0.53515625 0.044921875 0.0166015625 0.025390625
0 0.33984375 0.052734375 0.033203125 0.0224609375
1 0.3818359375 0.041015625 0.0419921875 0.041015625
0 0.5498046875 0.041015625 0.01953125 0.0234375
1 0.46875 0.115234375 0.0537109375 0.0556640625
0 0.16796875 0.05078125 0.0302734375 0.0322265625
0 0.435546875 0.048828125 0.025390625 0.0341796875
0 0.24609375 0.0361328125 0.0224609375 0.03125
0 0.4296875 0.0439453125 0.013671875 0.01953125
0 0.224609375 0.060546875 0.041015625 0.0322265625
0 0.2041015625 0.4541015625 0.068359375 0.0986328125
1 0.630859375 0.0234375 0.0478515625 0.044921875
0 0.0517578125 0.03125 0.01953125 0.0224609375
0 0.0517578125 0.0517578125 0.0244140625 0.0185546875