1 0.6845703125 0.50390625 0.2001953125 0.4287109375
0 0.3974609375 0.275390625 0.05859375 0.080078125
0 0.6103515625 0.4140625 0.0615234375 0.0869140625
0 0.47265625 0.220703125 0.044921875 0.060546875
0 0.3583984375 0.3447265625 0.0947265625 0.1123046875
0 0.615234375 0.33984375 0.05859375 0.087890625
0 0.4453125 0.193359375 0.0361328125 0.0625
0 0.5771484375 0.515625 0.06640625 0.130859375
0 0.216796875 0.6513671875 0.1962890625 0.1962890625
0 0.625 0.208984375 0.0400390625 0.0576171875
0 0.3037109375 0.7490234375 0.1982421875 0.2294921875
0 0.4716796875 0.2744140625 0.060546875 0.06640625
0 0.4921875 0.197265625 0.048828125 0.0693359375
1 0.7822265625 0.2861328125 0.263671875 0.19921875
0 0.083984375 0.6708984375 0.162109375 0.2705078125
0 0.205078125 0.4580078125 0.158203125 0.14453125
0 0.6611328125 0.1083984375 0.025390625 0.033203125
0 0.642578125 0.1611328125 0.033203125 0.0556640625
1 0.5390625 0.17578125 0.083984375 0.109375
0 0.3642578125 0.1572265625 0.0400390625 0.0517578125
1 0.4345703125 0.7861328125 0.4169921875 0.4091796875
0 0.2763671875 0.1015625 0.0400390625 0.0419921875
0 0.3779296875 0.1767578125 0.0224609375 0.056640625
0 0.33203125 0.130859375 0.0556640625 0.0615234375
0 0.7080078125 0.068359375 0.02734375 0.033203125
0 0.033203125 0.068359375 0.0380859375 0.0322265625
0 0.478515625 0.162109375 0.037109375 0.041015625
0 0.4462890625 0.1484375 0.0380859375 0.0498046875
0 0.173828125 0.0908203125 0.0458984375 0.033203125
0 0.2431640625 0.0908203125 0.0400390625 0.0361328125
0 0.20703125 0.0859375 0.0400390625 0.03515625
0 0.3837890625 0.4052734375 0.025390625 0.109375
0 0.1416015625 0.080078125 0.0185546875 0.037109375
0 0.01171875 0.0693359375 0.0234375 0.033203125
0 0.1494140625 0.9482421875 0.173828125 0.099609375
1 0.3740234375 0.033203125 0.05078125 0.0283203125
0 0.173828125 0.013671875 0.0380859375 0.02734375
0 0.5234375 0.1181640625 0.0400390625 0.02734375
0 0.3134765625 0.1162109375 0.0283203125 0.0322265625
0 0.171875 0.0517578125 0.0341796875 0.0341796875
1 0.306640625 0.0419921875 0.0400390625 0.046875
0 0.505859375 0.1298828125 0.0537109375 0.04296875
1 0.470703125 0.111328125 0.052734375 0.05078125
0 0.3623046875 0.0537109375 0.037109375 0.0263671875
1 0.2646484375 0.041015625 0.048828125 0.0517578125
2 0.40625 0.19140625 0.0458984375 0.1142578125
1 0.62890625 0.0205078125 0.0419921875 0.041015625
0 0.2158203125 0.021484375 0.048828125 0.0322265625
0 0.4931640625 0.14453125 0.03515625 0.037109375
0 0.439453125 0.0498046875 0.0234375 0.025390625
0 0.4365234375 0.166015625 0.021484375 0.0400390625
0 0.537109375 0.041015625 0.0146484375 0.0244140625
0 0.2470703125 0.037109375 0.0205078125 0.0361328125
0 0.3388671875 0.0517578125 0.033203125 0.0205078125
0 0.5576171875 0.0380859375 0.01953125 0.025390625
0 0.2265625 0.060546875 0.0322265625 0.0263671875
0 0.73828125 0.0654296875 0.021484375 0.0380859375
1 0.7060546875 0.314453125 0.0810546875 0.1181640625